PEER NGA STRONG MOTION DATABASE RECORD
Northridge-06, 3/20/1994, Canoga Park - Topanga Can, UP
ACCELERATION TIME SERIES IN UNITS OF G
NPTS=    699, DT=   .0100 SEC,  -5 POLE @     1.00000 HZ,   0 POLE @      .00000
   .1072191E-02   .4519428E-02   .9053689E-02   .7295317E-02   .2933873E-02
   .1095485E-03  -.1210652E-02  -.2355772E-02  -.3280835E-02  -.4166386E-02
  -.4635525E-02  -.4448133E-02  -.3727659E-02  -.3074122E-02  -.1442321E-02
  -.2391937E-03  -.9640457E-03  -.2644121E-02  -.4090597E-02  -.4796703E-02
  -.5616283E-02  -.4656950E-02  -.3076200E-02  -.6162158E-03   .2779666E-02
   .5489346E-02   .4437016E-02   .8480740E-03  -.7604406E-03  -.4032409E-02
  -.6841448E-02  -.8485660E-02  -.9834815E-02  -.6552318E-02   .1226633E-03
   .4351652E-02   .5643682E-02   .5845330E-02   .5445875E-02   .5231463E-02
   .4593834E-02   .5840033E-02   .7136543E-02   .8474985E-02   .1014313E-01
   .9644640E-02   .5518706E-02  -.2647743E-02  -.7296839E-02  -.6653118E-02
  -.3621923E-02  -.9766426E-03  -.7084185E-03  -.1030798E-02  -.1107535E-02
   .2729098E-02   .8042878E-02   .7769754E-02   .4961549E-02   .5507403E-02
   .5714469E-02   .3712923E-02   .9158322E-03  -.1153324E-03   .3163295E-02
   .6041146E-02   .6525272E-02   .1435722E-02  -.4093092E-02  -.7252217E-02
  -.8016201E-02  -.1226419E-01  -.1938464E-01  -.2128362E-01  -.1069954E-01
   .1544415E-02   .1557774E-02   .2467133E-02   .5324067E-02   .6034424E-02
   .3430027E-02  -.1418099E-02  -.5633014E-02  -.5538886E-02  -.3255122E-02
  -.1674013E-02  -.9746900E-03   .1142717E-02   .3071360E-02   .1686690E-02
  -.1872760E-02  -.5112340E-02  -.5844883E-02  -.5095823E-02  -.1228903E-02
   .6345920E-02   .1716195E-01   .2725522E-01   .2186681E-01   .5213821E-02
  -.6980956E-02  -.1437931E-01  -.1605138E-01  -.1225405E-01  -.1022988E-01
  -.6887068E-02   .4057345E-02   .1609858E-01   .2094436E-01   .1413692E-01
  -.1303840E-02  -.8955806E-02  -.1057700E-01  -.1030174E-01  -.6390126E-02
  -.2417663E-02   .9145404E-03   .5638168E-02   .9704277E-02   .8916673E-02
   .2885932E-02  -.5740623E-02  -.8974260E-02  -.8355745E-02  -.8422266E-02
  -.6380722E-02   .2709667E-02   .1234230E-01   .1249055E-01   .4019629E-02
  -.1102879E-03   .2860518E-02   .6415393E-02   .6298996E-02   .6692294E-02
   .8222379E-02   .6023575E-02  -.5884793E-02  -.1812725E-01  -.1881086E-01
  -.1084187E-01  -.7110155E-02  -.8510646E-02  -.5991647E-02   .1049901E-01
   .1600283E-01  -.7048545E-02  -.2357913E-01  -.1555976E-02   .1483272E-01
   .9636187E-02   .1017317E-01   .1799697E-01   .2178126E-01   .4807030E-03
  -.2017556E-01  -.1420349E-01  -.5558319E-02  -.6993907E-02  -.5939025E-02
  -.1726599E-02   .1007228E-02   .1303644E-03   .2138539E-02   .7866906E-02
   .1193980E-01   .1459876E-01   .1736909E-01   .1641630E-01   .7996985E-02
   .2718339E-02   .6869536E-02   .1881798E-02  -.2230210E-01  -.3274959E-01
  -.2190413E-01  -.1970720E-01  -.2675735E-01  -.2820123E-01  -.1301650E-01
   .4040084E-02   .1525338E-01   .2032431E-01   .2128380E-01   .2279939E-01
   .2563981E-01   .2687058E-01   .1279469E-01  -.9536875E-02  -.1514700E-01
  -.1007602E-01  -.7532655E-02  -.1494064E-01  -.2933820E-01  -.2375937E-01
  -.5058551E-02   .4062026E-02   .5786590E-02   .3654278E-02   .5278521E-02
   .1215503E-01   .1500941E-01   .2029820E-01   .2765822E-01   .2513713E-01
   .1032128E-01  -.3303216E-02  -.5606145E-02  -.8569223E-02  -.2303119E-01
  -.3557632E-01  -.2623942E-01  -.1337347E-01  -.1239045E-01  -.1174219E-01
   .1175625E-01   .3162840E-01   .1875072E-01   .3734035E-03  -.1876991E-02
  -.4748055E-02  -.1210806E-01  -.1673170E-01  -.1149568E-01   .2481676E-02
   .1089519E-01   .1066846E-01   .1306221E-01   .2402060E-01   .4275796E-01
   .5144725E-01   .3988666E-01   .1006074E-01  -.1748117E-01  -.4183780E-01
  -.7346212E-01  -.9519147E-01  -.7707637E-01  -.2699704E-01   .2621894E-01
   .4781712E-01   .5023697E-01   .5740146E-01   .5950045E-01   .2727631E-01
  -.2098565E-01  -.2883222E-01  -.1832201E-01  -.1512020E-01  -.1649848E-01
  -.1524538E-01  -.6916158E-02   .8641589E-02   .1603612E-01   .1255259E-01
   .5842074E-02  -.2667241E-02  -.4085065E-02   .5316339E-02   .1626287E-01
   .1878652E-02  -.2452777E-01  -.2854917E-01  -.2326472E-02   .1846727E-01
   .1524631E-01   .7301852E-02   .6152583E-02   .8044663E-02   .3217557E-02
  -.1115023E-01  -.1677196E-01  -.1134949E-02   .1724434E-01   .2293160E-01
   .2194541E-01   .1761276E-01   .3560550E-02  -.1806079E-01  -.2906678E-01
  -.3688465E-01  -.5039027E-01  -.5738357E-01  -.4314421E-01  -.1634174E-01
  -.3407288E-03   .1714553E-01   .4568050E-01   .5714607E-01   .3706899E-01
   .3926181E-03  -.1321294E-01  -.9261646E-02   .3698888E-02   .1756923E-01
   .2119465E-01   .2024374E-01   .1511511E-01  -.2337128E-02  -.1660965E-01
  -.2413041E-01  -.3190996E-01  -.3340216E-01  -.1851969E-01   .6137608E-02
   .2944250E-01   .4239473E-01   .3938516E-01   .2524088E-01   .2259496E-02
  -.1140387E-01  -.1282973E-01  -.1472128E-01  -.1612167E-01  -.1059689E-01
   .1813633E-01   .4886613E-01   .5378434E-01   .5257455E-01   .3410226E-01
  -.7833424E-02  -.5272171E-01  -.8425495E-01  -.8947422E-01  -.8642187E-01
  -.7189186E-01  -.2219776E-01   .3950603E-01   .7593552E-01   .7532917E-01
   .6604912E-01   .4343344E-01   .5434656E-02  -.3401738E-01  -.5908668E-01
  -.6158992E-01  -.5545705E-01  -.4298012E-01  -.1593643E-01   .2025241E-01
   .5525657E-01   .7413339E-01   .7654833E-01   .6209472E-01   .2143940E-01
  -.2378377E-01  -.6369910E-01  -.8517108E-01  -.8201294E-01  -.5282731E-01
  -.1291278E-01   .2291710E-01   .4057160E-01   .4394134E-01   .4597605E-01
   .4357286E-01   .2416463E-01  -.1561768E-01  -.3525180E-01  -.3609850E-01
  -.2976149E-01  -.8689710E-02   .3282855E-01   .6583641E-01   .7246135E-01
   .6552714E-01   .4503594E-01   .3060814E-02  -.3611852E-01  -.5314895E-01
  -.5605990E-01  -.3974085E-01  -.1216626E-01  -.2373646E-02   .9478776E-03
   .6880548E-02   .8531431E-02   .7089387E-02   .2783943E-02  -.1229589E-02
  -.4022758E-02   .4394495E-02   .1086998E-01   .1044066E-01   .9731664E-02
   .9911501E-02   .1079488E-01   .5781520E-02  -.1730471E-01  -.3443208E-01
  -.3502474E-01  -.2984510E-01  -.2918847E-01  -.3911811E-01  -.3830691E-01
  -.1685473E-01   .1136787E-01   .2214804E-01   .2068391E-01   .1995392E-01
   .1479399E-01  -.9601202E-03  -.2139899E-01  -.2680659E-01  -.2302325E-01
  -.1558382E-01  -.5562451E-02   .6331943E-02   .3470310E-01   .6867944E-01
   .7686359E-01   .7394420E-01   .4752835E-01   .1580361E-01  -.4541865E-02
  -.2290715E-01  -.3109379E-01  -.3233087E-01  -.2360333E-01  -.4989946E-02
   .1912016E-01   .3105744E-01   .3194557E-01   .2938358E-01   .2109253E-01
  -.4439569E-02  -.2934986E-01  -.3514180E-01  -.2897598E-01  -.2049947E-01
  -.1198807E-01  -.6308902E-02  -.1542129E-02   .2852105E-02   .1593356E-02
  -.8764508E-02  -.2051095E-01  -.2241112E-01  -.2198519E-01  -.2239265E-01
  -.2201133E-01  -.1668174E-01  -.7548456E-02  -.2941667E-02  -.3832574E-02
  -.3334209E-02  -.7788616E-03  -.2749857E-03  -.5305410E-02  -.1171183E-01
  -.1498080E-01  -.1142221E-01  -.3985663E-02   .5543590E-02   .1806296E-01
   .2653891E-01   .2944558E-01   .2674339E-01   .1965462E-01   .7861886E-02
  -.6948175E-03  -.4967305E-02  -.7786163E-02  -.5266902E-02   .5835222E-02
   .1826955E-01   .2268848E-01   .2403925E-01   .2498275E-01   .2379608E-01
   .1587633E-01   .5192082E-02   .4008704E-04  -.1062620E-02  -.1844462E-02
  -.2930378E-02  -.2756353E-02  -.8178362E-03   .2364982E-02   .3141872E-02
   .1075798E-03  -.6754403E-02  -.1738681E-01  -.2732151E-01  -.3082662E-01
  -.2936899E-01  -.2074367E-01  -.5382968E-02   .1533625E-01   .3093341E-01
   .3948869E-01   .4188554E-01   .3641437E-01   .1185490E-01  -.1734625E-01
  -.3047713E-01  -.3408614E-01  -.3055827E-01  -.2171161E-01  -.1177118E-01
  -.5262464E-02  -.1434008E-02   .9577515E-03  -.4551891E-03  -.4261252E-02
  -.6100980E-02  -.7993710E-02  -.8302218E-02  -.8684658E-02  -.8268623E-02
  -.7103817E-02  -.2097321E-02   .5959151E-02   .1301630E-01   .1504198E-01
   .1184664E-01   .6120230E-02   .1567646E-02  -.1518956E-02  -.1103555E-02
   .2448812E-02   .6452161E-02   .1149482E-01   .1616876E-01   .1879172E-01
   .1453540E-01   .4427646E-02  -.7291314E-02  -.1069824E-01  -.7979943E-02
  -.2932039E-02   .4222720E-02   .1063166E-01   .1511723E-01   .1362319E-01
   .6019689E-02  -.5336900E-02  -.1450640E-01  -.1831760E-01  -.1931795E-01
  -.1675253E-01  -.8399743E-02  -.3280464E-03   .3030766E-02   .8402671E-03
  -.3598862E-02  -.9962594E-02  -.1678698E-01  -.2082951E-01  -.2158999E-01
  -.1934393E-01  -.1500903E-01  -.7620621E-02  -.1718657E-02   .5475854E-03
   .1396940E-02   .5966769E-03   .1660202E-02   .4252878E-02   .4743875E-02
   .5548054E-02   .8484183E-02   .1396093E-01   .1703071E-01   .1645727E-01
   .1458978E-01   .1372269E-01   .1484022E-01   .1640630E-01   .1581343E-01
   .1534550E-01   .1320916E-01   .1015240E-01   .7027361E-02   .6149358E-02
   .6704826E-02   .6988308E-02   .9557405E-02   .1450357E-01   .1706835E-01
   .1787675E-01   .1671222E-01   .1199999E-01   .4229757E-02  -.4353663E-02
  -.1255509E-01  -.1591579E-01  -.1576451E-01  -.1440271E-01  -.1170962E-01
  -.9777355E-02  -.9308972E-02  -.1396730E-01  -.2750063E-01  -.4051013E-01
  -.4485799E-01  -.4275156E-01  -.3208288E-01  -.1380612E-01  -.3218390E-03
   .1159636E-01   .2127721E-01   .2536785E-01   .2413345E-01   .1708413E-01
  -.1105918E-02  -.2095965E-01  -.2715412E-01  -.2596507E-01  -.2320141E-01
  -.1838693E-01  -.1245045E-01   .2057969E-02   .2023767E-01   .2664014E-01
   .2752208E-01   .2688878E-01   .2375479E-01   .1565261E-01   .6929157E-02
   .1587107E-02   .3070286E-02   .7653497E-02   .1486876E-01   .1972643E-01
   .2013195E-01   .1925732E-01   .1652030E-01   .7062940E-02  -.1042260E-01
  -.1954856E-01  -.1826454E-01  -.1506670E-01  -.1067515E-01  -.5652078E-02
  -.1133829E-02   .7600700E-03   .4351210E-03  -.9883436E-03  -.4810385E-02
  -.1129445E-01  -.1608184E-01  -.1585490E-01  -.1018424E-01  -.2056746E-02
   .3414855E-02   .6448597E-02   .8754229E-02   .9948475E-02   .9714033E-02
   .8805400E-02   .7498066E-02   .5337548E-02  -.5367014E-03  -.4306065E-02
  -.6542902E-02  -.6515199E-02  -.5691078E-02  -.4583840E-02  -.2451969E-02
  -.1218222E-02  -.1531334E-02  -.1863292E-02  -.2221236E-02  -.2165505E-02
  -.1603527E-02  -.1288990E-02  -.6557114E-03  -.2143806E-03   .2418924E-03
   .4920926E-03   .6168753E-03   .5580703E-03   .7064793E-03   .1090995E-02
   .1876140E-02   .2269117E-02   .2322827E-02   .2341727E-02   .2043243E-02
   .1775675E-02   .1468998E-02   .9322542E-03   .7705524E-03   .9439458E-03
   .9435646E-03   .8650803E-03   .6211437E-03   .4278604E-03   .2432872E-03
  -.4409806E-05  -.3077130E-03  -.5801889E-03  -.7325894E-03  -.7605639E-03
  -.7044231E-03  -.6167762E-03  -.5283407E-03  -.4469107E-03
