PEER NGA STRONG MOTION DATABASE RECORD
Northridge-06, 3/20/1994, Canoga Park - Topanga Can, 196
VELOCITY TIME SERIES IN UNITS OF CM/S
NPTS=    699, DT=   .0100 SEC,  -5 POLE @     1.00000 HZ,   0 POLE @      .00000
   .0000000E+00   .1498237E-01   .2576967E-01   .2619683E-01   .1910166E-01
   .8616761E-02  -.6412733E-02  -.2065088E-01  -.3258373E-01  -.4610135E-01
  -.6078837E-01  -.7375168E-01  -.8452068E-01  -.9391858E-01  -.9924216E-01
  -.1029555E+00  -.1069386E+00  -.1071789E+00  -.1057580E+00  -.1023761E+00
  -.9307696E-01  -.8115196E-01  -.7176258E-01  -.6322197E-01  -.5480306E-01
  -.4572547E-01  -.3887855E-01  -.4111271E-01  -.4736026E-01  -.5489950E-01
  -.6994104E-01  -.9124308E-01  -.1145401E+00  -.1357329E+00  -.1506271E+00
  -.1581378E+00  -.1590919E+00  -.1554499E+00  -.1460712E+00  -.1257431E+00
  -.9817156E-01  -.6993888E-01  -.4430178E-01  -.2546056E-01  -.1042940E-01
   .2751991E-02   .1346878E-01   .2300869E-01   .3081740E-01   .3237380E-01
   .2946138E-01   .2670040E-01   .2382305E-01   .2102668E-01   .1925404E-01
   .2187172E-01   .3004774E-01   .3920974E-01   .4884749E-01   .6325336E-01
   .8423910E-01   .1072953E+00   .1234116E+00   .1270893E+00   .1192067E+00
   .9881120E-01   .6822262E-01   .3009869E-01  -.1506140E-01  -.5834275E-01
  -.9195647E-01  -.1175500E+00  -.1303859E+00  -.1274894E+00  -.1136591E+00
  -.8927551E-01  -.6035251E-01  -.3612025E-01  -.1303957E-01   .1554220E-01
   .4408903E-01   .6498254E-01   .7381103E-01   .7016966E-01   .5673694E-01
   .3485539E-01   .1264165E-01   .1518543E-02   .5613443E-02   .1965314E-01
   .3487836E-01   .5001155E-01   .6543715E-01   .8154962E-01   .1029326E+00
   .1295150E+00   .1562268E+00   .1790764E+00   .1925752E+00   .1932188E+00
   .1817245E+00   .1591505E+00   .1230602E+00   .7717901E-01   .2759590E-01
  -.2160407E-01  -.6750240E-01  -.1129910E+00  -.1555092E+00  -.1878837E+00
  -.2093076E+00  -.2237691E+00  -.2352432E+00  -.2391098E+00  -.2222856E+00
  -.1774881E+00  -.1134030E+00  -.4452398E-01   .2163046E-01   .7224821E-01
   .9667982E-01   .1013110E+00   .9993908E-01   .1032742E+00   .1114430E+00
   .1100663E+00   .8761791E-01   .5296714E-01   .2072348E-01   .4551760E-02
   .7496445E-02   .1368334E-01   .9365436E-02  -.2597535E-02  -.2980397E-02
   .4161393E-01   .1424221E+00   .2603935E+00   .3507884E+00   .3871236E+00
   .3703917E+00   .3282268E+00   .2857415E+00   .2537784E+00   .2216582E+00
   .1657178E+00   .7494938E-01  -.3786519E-01  -.1408491E+00  -.1958840E+00
  -.1923173E+00  -.1589282E+00  -.1300355E+00  -.1138786E+00  -.1006773E+00
  -.7903723E-01  -.3748733E-01   .2427692E-01   .9327502E-01   .1554008E+00
   .2035870E+00   .2377523E+00   .2584315E+00   .2617466E+00   .2472343E+00
   .2188773E+00   .1748908E+00   .1073241E+00   .1800045E-01  -.7691932E-01
  -.1531376E+00  -.1860991E+00  -.1645520E+00  -.9541828E-01   .2272866E-02
   .1100393E+00   .2101584E+00   .2770402E+00   .2870441E+00   .2519277E+00
   .2085083E+00   .1750139E+00   .1458915E+00   .1076777E+00   .5706062E-01
  -.4470543E-02  -.7453440E-01  -.1380704E+00  -.1778832E+00  -.1898615E+00
  -.1828093E+00  -.1661039E+00  -.1488032E+00  -.1451910E+00  -.1707472E+00
  -.2286051E+00  -.3097320E+00  -.4005461E+00  -.4796847E+00  -.5351976E+00
  -.5830962E+00  -.6394934E+00  -.6984190E+00  -.7302037E+00  -.6938894E+00
  -.5758070E+00  -.4014068E+00  -.2106811E+00  -.3886034E-01   .8275672E-01
   .1416930E+00   .1607684E+00   .1754348E+00   .2010720E+00   .2183568E+00
   .1987002E+00   .1432158E+00   .7207686E-01  -.4757275E-02  -.9226681E-01
  -.1776188E+00  -.2192342E+00  -.1958825E+00  -.1288999E+00  -.4088501E-01
   .5769931E-01   .1564410E+00   .2520142E+00   .3524493E+00   .4662185E+00
   .5813009E+00   .6639260E+00   .6647719E+00   .5663330E+00   .4124499E+00
   .2455410E+00   .7617441E-01  -.8383770E-01  -.1846233E+00  -.1694847E+00
  -.5371344E-01   .9602308E-01   .2368206E+00   .3696889E+00   .5169588E+00
   .6855789E+00   .8620167E+00   .1036010E+01   .1204727E+01   .1363299E+01
   .1470572E+01   .1437135E+01   .1244084E+01   .9960069E+00   .8037996E+00
   .7120138E+00   .6969855E+00   .7153648E+00   .7502644E+00   .8008880E+00
   .8684327E+00   .9530407E+00   .1057606E+01   .1183045E+01   .1318401E+01
   .1430785E+01   .1458355E+01   .1341044E+01   .1056981E+01   .6295095E+00
   .1073955E+00  -.4723354E+00  -.1102348E+01  -.1789216E+01  -.2536315E+01
  -.3333432E+01  -.4153471E+01  -.4948628E+01  -.5645211E+01  -.6167085E+01
  -.6458748E+01  -.6466584E+01  -.6165020E+01  -.5571117E+01  -.4714893E+01
  -.3651327E+01  -.2464679E+01  -.1250056E+01  -.1035469E+00   .8985466E+00
   .1748252E+01   .2482254E+01   .3111284E+01   .3611216E+01   .3915144E+01
   .3993759E+01   .3925795E+01   .3811743E+01   .3719598E+01   .3694141E+01
   .3756365E+01   .3897766E+01   .4092332E+01   .4292379E+01   .4410615E+01
   .4302767E+01   .3847360E+01   .3040073E+01   .1980954E+01   .8010663E+00
  -.3960310E+00  -.1485041E+01  -.2303025E+01  -.2754945E+01  -.2909041E+01
  -.2911629E+01  -.2857454E+01  -.2815174E+01  -.2833391E+01  -.2911599E+01
  -.3009367E+01  -.3063731E+01  -.3031775E+01  -.2893951E+01  -.2652241E+01
  -.2331918E+01  -.1963020E+01  -.1575492E+01  -.1196764E+01  -.8400680E+00
  -.5112053E+00  -.2138930E+00   .2072782E-01   .1178572E+00  -.6422062E-01
  -.5760557E+00  -.1260828E+01  -.1980121E+01  -.2649695E+01  -.3104445E+01
  -.3160902E+01  -.2851797E+01  -.2363894E+01  -.1798535E+01  -.1183926E+01
  -.5378274E+00   .1335395E+00   .8470634E+00   .1623483E+01   .2462870E+01
   .3344882E+01   .4236117E+01   .5108112E+01   .5937943E+01   .6690322E+01
   .7210784E+01   .7269335E+01   .6921109E+01   .6418444E+01   .5898962E+01
   .5427334E+01   .5032264E+01   .4706507E+01   .4406622E+01   .4058081E+01
   .3571985E+01   .2966533E+01   .2424539E+01   .2072519E+01   .1824528E+01
   .1502812E+01   .1028569E+01   .4677504E+00  -.2780329E-01  -.3416280E+00
  -.5128109E+00  -.6366799E+00  -.7484311E+00  -.8574483E+00  -.9786797E+00
  -.1142496E+01  -.1423333E+01  -.1906491E+01  -.2610875E+01  -.3511650E+01
  -.4596155E+01  -.5820339E+01  -.7101450E+01  -.8379770E+01  -.9623513E+01
  -.1082155E+02  -.1196496E+02  -.1298151E+02  -.1378030E+02  -.1425596E+02
  -.1426439E+02  -.1374818E+02  -.1275741E+02  -.1134535E+02  -.9575644E+01
  -.7573718E+01  -.5442724E+01  -.3219273E+01  -.8993757E+00   .1512540E+01
   .3941765E+01   .6261023E+01   .8269960E+01   .9777758E+01   .1073263E+02
   .1112566E+02   .1093918E+02   .1035584E+02   .9712316E+01   .9285743E+01
   .9194294E+01   .9239447E+01   .9070014E+01   .8489933E+01   .7565069E+01
   .6530355E+01   .5643013E+01   .5053515E+01   .4794216E+01   .4846084E+01
   .5141529E+01   .5585949E+01   .6063766E+01   .6319094E+01   .6060286E+01
   .5197114E+01   .3819406E+01   .2069315E+01  -.3795527E-02  -.2216648E+01
  -.4184248E+01  -.5583938E+01  -.6304224E+01  -.6463360E+01  -.6232277E+01
  -.5739804E+01  -.5086634E+01  -.4377888E+01  -.3698642E+01  -.3077018E+01
  -.2506089E+01  -.1988333E+01  -.1570576E+01  -.1297748E+01  -.1127098E+01
  -.9812239E+00  -.7902437E+00  -.4556477E+00   .1421558E-01   .4667284E+00
   .6686157E+00   .4234301E+00  -.2143390E+00  -.1066627E+01  -.2034482E+01
  -.3039918E+01  -.3954051E+01  -.4590739E+01  -.4862967E+01  -.4809413E+01
  -.4475710E+01  -.3967631E+01  -.3377480E+01  -.2740547E+01  -.2084859E+01
  -.1426417E+01  -.7894264E+00  -.2136974E+00   .2566872E+00   .6076975E+00
   .8337210E+00   .9340024E+00   .9408518E+00   .8920255E+00   .8236489E+00
   .7731280E+00   .7700131E+00   .8445322E+00   .1041650E+01   .1371812E+01
   .1796976E+01   .2263532E+01   .2713473E+01   .3110560E+01   .3430826E+01
   .3642002E+01   .3746266E+01   .3741388E+01   .3609414E+01   .3376444E+01
   .3033536E+01   .2591305E+01   .2120502E+01   .1656354E+01   .1201187E+01
   .7504999E+00   .2916837E+00  -.1933357E+00  -.7034670E+00  -.1217677E+01
  -.1699754E+01  -.2073392E+01  -.2300701E+01  -.2387629E+01  -.2314646E+01
  -.2117636E+01  -.1855788E+01  -.1545482E+01  -.1193737E+01  -.8130701E+00
  -.4298517E+00  -.7668452E-01   .1864826E+00   .3111309E+00   .3091856E+00
   .2061802E+00   .5541500E-01  -.8737163E-01  -.1966936E+00  -.2574427E+00
  -.2771399E+00  -.2772780E+00  -.2852806E+00  -.3143745E+00  -.3510848E+00
  -.3824007E+00  -.4030471E+00  -.4043532E+00  -.3793863E+00  -.3279960E+00
  -.2560215E+00  -.1822112E+00  -.1251785E+00  -.8453672E-01  -.5415097E-01
  -.2418886E-01   .2047881E-01   .9139497E-01   .1869451E+00   .2918294E+00
   .3878012E+00   .4564433E+00   .4880192E+00   .4832697E+00   .4441735E+00
   .3858246E+00   .3228485E+00   .2533974E+00   .1784018E+00   .1117642E+00
   .7594029E-01   .9122977E-01   .1608782E+00   .2780053E+00   .4281542E+00
   .5811076E+00   .7084000E+00   .7922701E+00   .8218819E+00   .7952567E+00
   .7205719E+00   .6035167E+00   .4514241E+00   .2730048E+00   .6384362E-01
  -.1769260E+00  -.4419433E+00  -.7211413E+00  -.9943077E+00  -.1228836E+01
  -.1400374E+01  -.1507340E+01  -.1548411E+01  -.1520603E+01  -.1442059E+01
  -.1342109E+01  -.1234125E+01  -.1121993E+01  -.1016899E+01  -.9228686E+00
  -.8353311E+00  -.7551172E+00  -.6779700E+00  -.5863434E+00  -.4623555E+00
  -.3061280E+00  -.1271798E+00   .6201096E-01   .2416954E+00   .4018009E+00
   .5382466E+00   .6466498E+00   .7332662E+00   .8039871E+00   .8631085E+00
   .9156234E+00   .9643186E+00   .1021892E+01   .1098468E+01   .1198349E+01
   .1322296E+01   .1462202E+01   .1610794E+01   .1757685E+01   .1889995E+01
   .1990353E+01   .2050026E+01   .2069881E+01   .2046973E+01   .1976743E+01
   .1859752E+01   .1701382E+01   .1506972E+01   .1286096E+01   .1052732E+01
   .8199448E+00   .5893576E+00   .3576667E+00   .1283756E+00  -.9689829E-01
  -.3188081E+00  -.5376153E+00  -.7559816E+00  -.9664395E+00  -.1161003E+01
  -.1354295E+01  -.1546062E+01  -.1711871E+01  -.1841837E+01  -.1932697E+01
  -.1991846E+01  -.2029332E+01  -.2045893E+01  -.2043579E+01  -.2022508E+01
  -.1979456E+01  -.1914053E+01  -.1830623E+01  -.1727157E+01  -.1595655E+01
  -.1437350E+01  -.1258890E+01  -.1063998E+01  -.8650531E+00  -.6828783E+00
  -.5321055E+00  -.4195825E+00  -.3448245E+00  -.2985673E+00  -.2636229E+00
  -.2202868E+00  -.1588296E+00  -.7580166E-01   .3102487E-01   .1573266E+00
   .2951933E+00   .4375682E+00   .5801502E+00   .7223519E+00   .8616991E+00
   .9893032E+00   .1099862E+01   .1190303E+01   .1248408E+01   .1257299E+01
   .1212403E+01   .1127503E+01   .1013336E+01   .8736917E+00   .7254541E+00
   .5873376E+00   .4648028E+00   .3597373E+00   .2717981E+00   .1973056E+00
   .1333848E+00   .7881121E-01   .3296065E-01  -.4002044E-02  -.3193802E-01
  -.5182848E-01  -.6455565E-01  -.7124944E-01  -.7296012E-01  -.7061863E-01
  -.6529919E-01  -.5741174E-01  -.4727616E-01  -.3569817E-01  -.2381493E-01
  -.1267331E-01  -.3009057E-02   .4764371E-02   .1049123E-01
