PEER NGA STRONG MOTION DATABASE RECORD
Northridge-06, 3/20/1994, Canoga Park - Topanga Can, UP
VELOCITY TIME SERIES IN UNITS OF CM/S
NPTS=    699, DT=   .0100 SEC,  -5 POLE @     1.00000 HZ,   0 POLE @      .00000
   .0000000E+00   .2741291E-01   .9395511E-01   .1741061E+00   .2242547E+00
   .2391751E+00   .2337769E+00   .2162925E+00   .1886591E+00   .1521491E+00
   .1089977E+00   .6446506E-01   .2438324E-01  -.8962497E-02  -.3110436E-01
  -.3934798E-01  -.4524687E-01  -.6293590E-01  -.9595286E-01  -.1395228E+00
  -.1905725E+00  -.2409370E+00  -.2788488E+00  -.2969509E+00  -.2863446E+00
  -.2458057E+00  -.1971417E+00  -.1712316E+00  -.1708020E+00  -.1942989E+00
  -.2476080E+00  -.3227491E+00  -.4125653E+00  -.4929032E+00  -.5244246E+00
  -.5024892E+00  -.4534871E+00  -.3971622E+00  -.3418071E+00  -.2894615E+00
  -.2412929E+00  -.1901409E+00  -.1265232E+00  -.4998772E-01   .4128756E-01
   .1382971E+00   .2126354E+00   .2267103E+00   .1779570E+00   .1095673E+00
   .5919392E-01   .3664945E-01   .2838844E-01   .1986193E-01   .9378745E-02
   .1732846E-01   .7013807E-01   .1476595E+00   .2100747E+00   .2613988E+00
   .3164140E+00   .3626318E+00   .3853242E+00   .3892487E+00   .4041913E+00
   .4493161E+00   .5109230E+00   .5499518E+00   .5369240E+00   .4813036E+00
   .4064502E+00   .3070256E+00   .1518672E+00  -.4750893E-01  -.2043064E+00
  -.2491894E+00  -.2339809E+00  -.2142488E+00  -.1760524E+00  -.1203674E+00
  -.7396796E-01  -.6410449E-01  -.9867257E-01  -.1534428E+00  -.1965554E+00
  -.2207205E+00  -.2337058E+00  -.2328820E+00  -.2122225E+00  -.1888962E+00
  -.1898084E+00  -.2240528E+00  -.2777706E+00  -.3314074E+00  -.3624144E+00
  -.3373282E+00  -.2220809E+00  -.4325686E-02   .2364951E+00   .3692579E+00
   .3605945E+00   .2558758E+00   .1066894E+00  -.3207799E-01  -.1423055E+00
  -.2262213E+00  -.2400940E+00  -.1412796E+00   .4032337E-01   .2123093E+00
   .2752235E+00   .2249256E+00   .1291660E+00   .2680795E-01  -.5502392E-01
  -.9820411E-01  -.1055732E+00  -.7344851E-01   .1767831E-02   .9305704E-01
   .1509193E+00   .1369242E+00   .6478448E-01  -.2017587E-01  -.1024301E+00
  -.1750017E+00  -.1929991E+00  -.1192068E+00   .2536209E-02   .8347734E-01
   .1026429E+00   .1161259E+00   .1616011E+00   .2239333E+00   .2876231E+00
   .3607423E+00   .4305831E+00   .4312635E+00   .3135444E+00   .1324553E+00
  -.1291713E-01  -.1009269E+00  -.1775079E+00  -.2486054E+00  -.2265080E+00
  -.9658274E-01  -.5268435E-01  -.2028365E+00  -.3260614E+00  -.2609722E+00
  -.1410134E+00  -.4389801E-01   .9420609E-01   .2892188E+00   .3983581E+00
   .3018041E+00   .1332608E+00   .3637856E-01  -.2515873E-01  -.8856243E-01
  -.1261432E+00  -.1296699E+00  -.1240928E+00  -.1129695E+00  -.6391784E-01
   .3318453E-01   .1632898E+00   .3200121E+00   .4856450E+00   .6053311E+00
   .6578630E+00   .7048675E+00   .7477709E+00   .6476604E+00   .3777695E+00
   .1098296E+00  -.9416993E-01  -.3219624E+00  -.5913968E+00  -.7934668E+00
  -.8374737E+00  -.7428875E+00  -.5684678E+00  -.3644841E+00  -.1483663E+00
   .8910691E-01   .3465391E+00   .5409981E+00   .5569695E+00   .4359568E+00
   .3123010E+00   .2259745E+00   .1157991E+00  -.1012779E+00  -.3615887E+00
  -.5028685E+00  -.5077540E+00  -.4594711E+00  -.4131873E+00  -.3693942E+00
  -.2839262E+00  -.1507525E+00   .2234305E-01   .2574494E+00   .5162786E+00
   .6901134E+00   .7245195E+00   .6808413E+00   .6113466E+00   .4564256E+00
   .1691023E+00  -.1339493E+00  -.3281515E+00  -.4544591E+00  -.5727694E+00
  -.5727005E+00  -.3600073E+00  -.1130237E+00  -.1926768E-01  -.2663901E-01
  -.5911830E-01  -.1417554E+00  -.2831423E+00  -.4215270E+00  -.4657182E+00
  -.4001381E+00  -.2944224E+00  -.1780828E+00   .3715678E-02   .3310976E+00
   .7929387E+00   .1240703E+01   .1485570E+01   .1449192E+01   .1158380E+01
   .5931226E+00  -.2337017E+00  -.1078245E+01  -.1588465E+01  -.1592279E+01
  -.1229318E+01  -.7486074E+00  -.2209100E+00   .3522016E+00   .7776247E+00
   .8084647E+00   .5642326E+00   .3330590E+00   .1691085E+00   .1409795E-01
  -.1415263E+00  -.2501733E+00  -.2417144E+00  -.1207319E+00   .1942421E-01
   .1096040E+00   .1251687E+00   .9206547E-01   .9810179E-01   .2038939E+00
   .2928327E+00   .1817954E+00  -.7841422E-01  -.2297820E+00  -.1506518E+00
   .1462903E-01   .1251714E+00   .1911317E+00   .2607338E+00   .3159468E+00
   .2770569E+00   .1401683E+00   .5237970E-01   .1313560E+00   .3283185E+00
   .5483280E+00   .7422619E+00   .8460641E+00   .7749767E+00   .5439338E+00
   .2206069E+00  -.2072584E+00  -.7356197E+00  -.1228457E+01  -.1520087E+01
  -.1601873E+01  -.1519487E+01  -.1211483E+01  -.7073753E+00  -.2454860E+00
  -.6183050E-01  -.1246822E+00  -.2348638E+00  -.2621353E+00  -.1578683E+00
   .3217160E-01   .2353233E+00   .4086701E+00   .4713141E+00   .3784276E+00
   .1786995E+00  -.9603846E-01  -.4162311E+00  -.6707780E+00  -.7314812E+00
  -.5570497E+00  -.2048677E+00   .1960582E+00   .5128873E+00   .6477079E+00
   .6028776E+00   .4840723E+00   .3490035E+00   .1977960E+00   .6680818E-01
   .1037703E+00   .4322498E+00   .9354938E+00   .1456918E+01   .1881851E+01
   .2010634E+01   .1713763E+01   .1042235E+01   .1905274E+00  -.6718031E+00
  -.1447936E+01  -.1909211E+01  -.1824357E+01  -.1258405E+01  -.5168295E+00
   .1762776E+00   .7130158E+00   .9525916E+00   .8124648E+00   .3560222E+00
  -.2355948E+00  -.8094176E+00  -.1292006E+01  -.1580844E+01  -.1559685E+01
  -.1189502E+01  -.5551681E+00   .1835490E+00   .8632465E+00   .1272773E+01
   .1261279E+01   .8323945E+00   .1025584E+00  -.7170612E+00  -.1378116E+01
  -.1700406E+01  -.1651360E+01  -.1340107E+01  -.9257820E+00  -.4849620E+00
  -.4594846E-01   .2861346E+00   .3280360E+00   .7864841E-01  -.2711464E+00
  -.5940250E+00  -.7825320E+00  -.6641914E+00  -.1804865E+00   .4975183E+00
   .1174007E+01   .1716042E+01   .1951837E+01   .1789771E+01   .1352137E+01
   .8167410E+00   .3470779E+00   .9260321E-01   .2132129E-01   .1433146E-01
   .5271032E-01   .1282675E+00   .2048486E+00   .2532526E+00   .2608728E+00
   .2351232E+00   .2369456E+00   .3117797E+00   .4162552E+00   .5151500E+00
   .6114506E+00   .7129636E+00   .7942294E+00   .7377370E+00   .4840974E+00
   .1435853E+00  -.1744391E+00  -.4638512E+00  -.7987242E+00  -.1178300E+01
  -.1448730E+01  -.1475630E+01  -.1311318E+01  -.1101334E+01  -.9021072E+00
  -.7317555E+00  -.6639350E+00  -.7735505E+00  -.1009878E+01  -.1254169E+01
  -.1443440E+01  -.1547110E+01  -.1543337E+01  -.1342163E+01  -.8353302E+00
  -.1218055E+00   .6175297E+00   .1213049E+01   .1523534E+01   .1578745E+01
   .1444176E+01   .1179436E+01   .8684967E+00   .5942793E+00   .4541008E+00
   .5233742E+00   .7693699E+00   .1078242E+01   .1378908E+01   .1626367E+01
   .1708009E+01   .1542356E+01   .1226186E+01   .9118481E+00   .6692947E+00
   .5100245E+00   .4203236E+00   .3818339E+00   .3882561E+00   .4100500E+00
   .3748934E+00   .2313704E+00   .2094497E-01  -.1967079E+00  -.4142703E+00
  -.6319608E+00  -.8216536E+00  -.9404422E+00  -.9918700E+00  -.1025081E+01
  -.1060216E+01  -.1080380E+01  -.1085547E+01  -.1112905E+01  -.1196332E+01
  -.1327192E+01  -.1456633E+01  -.1532170E+01  -.1524532E+01  -.1408801E+01
  -.1190141E+01  -.9156766E+00  -.6402102E+00  -.4127439E+00  -.2778443E+00
  -.2427077E+00  -.2704663E+00  -.3329901E+00  -.3969828E+00  -.3941966E+00
  -.2760230E+00  -.7522625E-01   .1538565E+00   .3941868E+00   .6333251E+00
   .8278191E+00   .9311069E+00   .9567577E+00   .9517447E+00   .9374927E+00
   .9140841E+00   .8862049E+00   .8686824E+00   .8762673E+00   .9032647E+00
   .9191951E+00   .8866090E+00   .7682568E+00   .5490742E+00   .2640031E+00
  -.3110589E-01  -.2767832E+00  -.4048690E+00  -.3560730E+00  -.1292361E+00
   .2160083E+00   .6149455E+00   .9988108E+00   .1235451E+01   .1208529E+01
   .9740754E+00   .6575539E+00   .3406347E+00   .8438165E-01  -.7976771E-01
  -.1632751E+00  -.1961046E+00  -.1984394E+00  -.1959756E+00  -.2190980E+00
  -.2698988E+00  -.3389980E+00  -.4188888E+00  -.5021670E+00  -.5852804E+00
  -.6606438E+00  -.7057524E+00  -.6868198E+00  -.5937926E+00  -.4562369E+00
  -.3244155E+00  -.2363329E+00  -.1986431E+00  -.1984044E+00  -.2112612E+00
  -.2046661E+00  -.1610291E+00  -.7304400E-01   .6257673E-01   .2339705E+00
   .3973567E+00   .4903230E+00   .4762839E+00   .3880901E+00   .2965203E+00
   .2430243E+00   .2493519E+00   .3221755E+00   .4484094E+00   .5893093E+00
   .6856085E+00   .6889559E+00   .5916741E+00   .4307545E+00   .2462462E+00
   .6941069E-01  -.5389830E-01  -.9668629E-01  -.8343620E-01  -.6445846E-01
  -.7798247E-01  -.1444675E+00  -.2756073E+00  -.4600221E+00  -.6679837E+00
  -.8686622E+00  -.1037078E+01  -.1148019E+01  -.1193805E+01  -.1199546E+01
  -.1190013E+01  -.1180240E+01  -.1169175E+01  -.1140187E+01  -.1096080E+01
  -.1045624E+01  -.9768307E+00  -.8667935E+00  -.7148570E+00  -.5506822E+00
  -.3984740E+00  -.2596721E+00  -.1196424E+00   .3354368E-01   .1915009E+00
   .3442576E+00   .4842467E+00   .5987768E+00   .6830005E+00   .7475994E+00
   .8106170E+00   .8777476E+00   .9588630E+00   .1076822E+01   .1231603E+01
   .1402922E+01   .1572494E+01   .1713256E+01   .1792822E+01   .1792215E+01
   .1709319E+01   .1569741E+01   .1414428E+01   .1266533E+01   .1138518E+01
   .1033178E+01   .9396071E+00   .8254952E+00   .6221987E+00   .2887759E+00
  -.1297413E+00  -.5592472E+00  -.9261230E+00  -.1151094E+01  -.1220356E+01
  -.1165083E+01  -.1003920E+01  -.7752428E+00  -.5325627E+00  -.3304935E+00
  -.2521603E+00  -.3603367E+00  -.5962144E+00  -.8566313E+00  -.1097670E+01
  -.1301557E+01  -.1452737E+01  -.1503686E+01  -.1394382E+01  -.1164563E+01
  -.8990330E+00  -.6322838E+00  -.3840037E+00  -.1908089E+00  -.8010183E-01
  -.3835084E-01  -.1551797E-01   .3705537E-01   .1474707E+00   .3170736E+00
   .5124793E+00   .7055853E+00   .8809850E+00   .9966018E+00   .9801311E+00
   .8331975E+00   .6478187E+00   .4844123E+00   .3582129E+00   .2781687E+00
   .2449008E+00   .2430684E+00   .2489278E+00   .2462157E+00   .2177874E+00
   .1388334E+00   .4621153E-02  -.1519487E+00  -.2796056E+00  -.3396170E+00
  -.3329588E+00  -.2846033E+00  -.2100714E+00  -.1183814E+00  -.2198596E-01
   .6880555E-01   .1487333E+00   .2116599E+00   .2351960E+00   .2114544E+00
   .1582673E+00   .9424998E-01   .3440871E-01  -.1596408E-01  -.5045713E-01
  -.6845024E-01  -.8192994E-01  -.9857210E-01  -.1185965E+00  -.1401025E+00
  -.1585802E+00  -.1727607E+00  -.1822946E+00  -.1865603E+00  -.1864254E+00
  -.1828270E+00  -.1773903E+00  -.1716301E+00  -.1654307E+00  -.1566186E+00
  -.1420722E+00  -.1217501E+00  -.9923806E-01  -.7637008E-01  -.5487276E-01
  -.3615052E-01  -.2024351E-01  -.8471370E-02  -.1233605E-03   .8281967E-02
   .1753549E-01   .2640237E-01   .3368858E-01   .3883132E-01   .4212162E-01
   .4329272E-01   .4176254E-01   .3740960E-01   .3097370E-01   .2365352E-01
   .1647142E-01   .9994241E-02   .4380306E-02  -.4008643E-03
