PEER NGA STRONG MOTION DATABASE RECORD
Northridge-06, 3/20/1994, Canoga Park - Topanga Can, 196
ACCELERATION TIME SERIES IN UNITS OF G
NPTS=    699, DT=   .0100 SEC,  -5 POLE @     1.00000 HZ,   0 POLE @      .00000
   .1589767E-02   .1466300E-02   .7340669E-03  -.6469352E-03  -.8003210E-03
  -.1338362E-02  -.1727317E-02  -.1176946E-02  -.1257088E-02  -.1500204E-02
  -.1495619E-02  -.1148605E-02  -.1048029E-02  -.8689315E-03  -.2169594E-03
  -.5404853E-03  -.2719753E-03   .2229697E-03   .6684983E-04   .6229939E-03
   .1273816E-02   .1158616E-02   .7566083E-03   .9854848E-03   .7317830E-03
   .1119841E-02   .2767780E-03  -.7324978E-03  -.5418609E-03  -.9959762E-03
  -.2072159E-02  -.2272979E-02  -.2479087E-02  -.1843763E-02  -.1194319E-02
  -.3377112E-03   .1431092E-03   .5997768E-03   .1313271E-02   .2833186E-02
   .2790800E-02   .2968033E-02   .2261361E-02   .1581826E-02   .1484192E-02
   .1204516E-02   .9814680E-03   .9644588E-03   .6283433E-03  -.3108714E-03
  -.2831971E-03  -.2799806E-03  -.3069362E-03  -.2634587E-03  -.9812052E-04
   .6320679E-03   .1035656E-02   .8331862E-03   .1132698E-02   .1805777E-02
   .2474842E-02   .2228103E-02   .1059272E-02  -.3091127E-03  -.1298766E-02
  -.2861454E-02  -.3377929E-02  -.4398497E-02  -.4813148E-02  -.4015276E-02
  -.2841170E-02  -.2379333E-02  -.2388958E-03   .8297115E-03   .1991348E-02
   .2982364E-02   .2917279E-02   .2025559E-02   .2682381E-02   .3147658E-02
   .2675254E-02   .1586553E-02   .2142597E-03  -.9570177E-03  -.1782954E-02
  -.2680391E-02  -.1850714E-02  -.4181496E-03   .1253417E-02   .1610365E-02
   .1495240E-02   .1591590E-02   .1554886E-02   .1731698E-02   .2629956E-02
   .2792260E-02   .2656330E-02   .2004475E-02   .7489947E-03  -.6177256E-03
  -.1726848E-02  -.2877748E-02  -.4483855E-02  -.4874883E-02  -.5238958E-02
  -.4796730E-02  -.4565501E-02  -.4713160E-02  -.3959590E-02  -.2644092E-02
  -.1725889E-02  -.1223929E-02  -.1116544E-02   .3278540E-03   .3103895E-02
   .6033796E-02   .7038132E-02   .7011636E-02   .6482385E-02   .3842500E-02
   .1141000E-02  -.1963433E-03  -.8349697E-04   .7637834E-03   .9024723E-03
  -.1183284E-02  -.3395689E-02  -.3672291E-02  -.2904692E-02  -.3939763E-03
   .9946260E-03   .2673615E-03  -.1148117E-02  -.1292061E-02   .1213965E-02
   .7882276E-02   .1268033E-01   .1138319E-01   .7055339E-02   .3562409E-03
  -.3769173E-02  -.4831534E-02  -.3834511E-02  -.2685238E-02  -.3866567E-02
  -.7544026E-02  -.1097069E-01  -.1204095E-01  -.8965463E-02  -.2260408E-02
   .2987939E-02   .3822675E-02   .2070788E-02   .1224856E-02   .1467927E-02
   .2946153E-02   .5529094E-02   .7069427E-02   .7004639E-02   .5667627E-02
   .4161282E-02   .2807657E-02   .1410443E-02  -.7342326E-03  -.2225942E-02
  -.3558264E-02  -.5413988E-02  -.8368110E-02  -.9851906E-02  -.9509598E-02
  -.6037220E-02  -.6861914E-03   .5081324E-02   .9020400E-02   .1090640E-01
   .1107553E-01   .9346521E-02   .4295878E-02  -.2255314E-02  -.4907636E-02
  -.3948955E-02  -.2883156E-02  -.3057149E-02  -.4737614E-02  -.5587140E-02
  -.6963836E-02  -.7327619E-02  -.5632303E-02  -.2488620E-02   .4533235E-04
   .1393150E-02   .2014380E-02   .1514575E-02  -.7777646E-03  -.4435123E-02
  -.7366597E-02  -.9181469E-02  -.9342572E-02  -.6799927E-02  -.4523471E-02
  -.5246760E-02  -.6257006E-02  -.5762482E-02  -.7208954E-03   .8128203E-02
   .1595795E-01   .1961580E-01   .1928795E-01   .1575963E-01   .9047517E-02
   .2974161E-02   .9167879E-03   .2074839E-02   .3154567E-02   .3711463E-03
  -.4380642E-02  -.6936931E-02  -.7573822E-02  -.8098618E-02  -.9751364E-02
  -.7658534E-02  -.8300592E-03   .5593279E-02   .8069670E-02   .9883389E-02
   .1022560E-01   .9915482E-02   .9579307E-02   .1090721E-01   .1229915E-01
   .1117508E-01   .5678587E-02  -.5506052E-02  -.1457327E-01  -.1681544E-01
  -.1723023E-01  -.1731676E-01  -.1532212E-01  -.5235869E-02   .8323787E-02
   .1529096E-01   .1525193E-01   .1346761E-01   .1363455E-01   .1640521E-01
   .1798951E-01   .1799984E-01   .1749086E-01   .1692367E-01   .1542139E-01
   .6459990E-02  -.1328037E-01  -.2609777E-01  -.2450439E-01  -.1470157E-01
  -.4020681E-02   .9552414E-03   .2793726E-02   .4325025E-02   .6001051E-02
   .7776552E-02   .9481575E-02   .1184740E-01   .1373939E-01   .1387022E-01
   .9053503E-02  -.3429898E-02  -.2049877E-01  -.3744375E-01  -.4975087E-01
  -.5674867E-01  -.6150345E-01  -.6700499E-01  -.7310064E-01  -.7929072E-01
  -.8330342E-01  -.8396602E-01  -.7822827E-01  -.6385894E-01  -.4259166E-01
  -.1690109E-01   .1530268E-01   .4620963E-01   .7493328E-01   .9971711E-01
   .1172266E+00   .1248230E+00   .1229328E+00   .1109293E+00   .9347530E-01
   .7984544E-01   .6987455E-01   .5843346E-01   .4354143E-01   .1845309E-01
  -.2417389E-02  -.1144578E-01  -.1181813E-01  -.6977513E-02   .1784961E-02
   .1090728E-01   .1793530E-01   .2175192E-01   .1905307E-01   .5064561E-02
  -.2706331E-01  -.6582932E-01  -.9883915E-01  -.1171975E+00  -.1234731E+00
  -.1207079E+00  -.1014258E+00  -.6542467E-01  -.2675673E-01  -.4675429E-02
   .4147475E-02   .6903080E-02   .1721087E-02  -.5436926E-02  -.1051574E-01
  -.9426777E-02  -.1662322E-02   .8180649E-02   .1993241E-01   .2937095E-01
   .3596776E-01   .3927924E-01   .3976768E-01   .3748431E-01   .3527372E-01
   .3180688E-01   .2883816E-01   .1901922E-01   .7929850E-03  -.3793277E-01
  -.6647010E-01  -.7320801E-01  -.7351176E-01  -.6306630E-01  -.2969236E-01
   .1817629E-01   .4487421E-01   .5464717E-01   .6067321E-01   .6469342E-01
   .6709610E-01   .6984769E-01   .7569518E-01   .8267700E-01   .8853904E-01
   .9137178E-01   .9042014E-01   .8744713E-01   .8181992E-01   .7164836E-01
   .3451427E-01  -.2257114E-01  -.4845904E-01  -.5407347E-01  -.5188922E-01
  -.4431233E-01  -.3627307E-01  -.3017397E-01  -.3099593E-01  -.4009863E-01
  -.5905401E-01  -.6444466E-01  -.4610987E-01  -.2569422E-01  -.2489049E-01
  -.4073226E-01  -.5600280E-01  -.5839155E-01  -.4269029E-01  -.2132290E-01
  -.1359458E-01  -.1167192E-01  -.1112283E-01  -.1111423E-01  -.1361424E-01
  -.1980067E-01  -.3748371E-01  -.6106959E-01  -.8260901E-01  -.1011289E+00
  -.1200858E+00  -.1296203E+00  -.1316975E+00  -.1290510E+00  -.1246449E+00
  -.1197273E+00  -.1135039E+00  -.9384880E-01  -.6908558E-01  -.2793886E-01
   .2621839E-01   .7907727E-01   .1230185E+00   .1650095E+00   .1959708E+00
   .2123773E+00   .2222977E+00   .2312363E+00   .2419707E+00   .2500059E+00
   .2455016E+00   .2275750E+00   .1822032E+00   .1253538E+00   .6941789E-01
   .1075281E-01  -.4879216E-01  -.7019518E-01  -.6106922E-01  -.2594197E-01
   .7288325E-02   .1921845E-02  -.3648233E-01  -.8184121E-01  -.1068102E+00
  -.1042483E+00  -.7674966E-01  -.4349455E-01  -.9396639E-02   .1997643E-01
   .4028778E-01   .5036400E-01   .4709993E-01   .4981281E-02  -.5777243E-01
  -.1182952E+00  -.1627264E+00  -.1942529E+00  -.2286150E+00  -.2227572E+00
  -.1785890E+00  -.1069162E+00  -.4000611E-01   .7545928E-02   .3958984E-01
   .6086364E-01   .7236843E-01   .7219980E-01   .6635113E-01   .6044629E-01
   .5601038E-01   .4960015E-01   .3561299E-01   .2003782E-01   .1477085E-01
   .1498429E-01   .2397137E-01   .4427870E-01   .5156287E-01   .4073958E-01
   .4408930E-03  -.5045324E-01  -.7963735E-01  -.9421031E-01  -.1032103E+00
  -.1018760E+00  -.8458649E-01  -.4528358E-01  -.1024495E-01   .2116880E-01
   .4689904E-01   .5673781E-01   .6363975E-01   .6628018E-01   .6746563E-01
   .6684159E-01   .6309026E-01   .5434555E-01   .4160236E-01   .2999588E-01
   .1610783E-01   .4347326E-02  -.2950189E-02  -.7009280E-02  -.6938015E-02
  -.3367127E-02   .2731765E-02   .1246846E-01   .2773917E-01   .3960654E-01
   .4711725E-01   .4804977E-01   .4372813E-01   .3726872E-01   .2805826E-01
   .1501683E-01   .6250828E-02  -.7245941E-02  -.1967369E-01  -.2784702E-01
  -.4209839E-01  -.4810687E-01  -.4792646E-01  -.4674919E-01  -.4609470E-01
  -.4583542E-01  -.4775279E-01  -.5118028E-01  -.5287507E-01  -.5201214E-01
  -.4632074E-01  -.2989321E-01  -.1647263E-01  -.1258787E-02   .1614571E-01
   .2403997E-01   .2937108E-01   .3392430E-01   .3782383E-01   .3982370E-01
   .3834426E-01   .3369393E-01   .1998625E-01   .5439218E-02  -.5836027E-02
  -.1517475E-01  -.1557798E-01  -.1354729E-01  -.8751946E-02  -.3639508E-02
  -.3782677E-03   .3501040E-03  -.1982471E-02  -.3952016E-02  -.3536075E-02
  -.2851663E-02  -.1359732E-02   .1093306E-02   .3999392E-02   .6483071E-02
   .8198105E-02   .6857547E-02   .4775845E-02   .3514163E-02   .2683847E-02
   .3427751E-02   .5683454E-02   .8781851E-02   .1070823E-01   .1068583E-01
   .8890246E-02   .5111204E-02   .1329572E-02  -.2298363E-02  -.5676379E-02
  -.6225485E-02  -.6620222E-02  -.7546263E-02  -.7751148E-02  -.5841426E-02
  -.1465848E-02   .4584558E-02   .9622166E-02   .1426914E-01   .1635786E-01
   .1484119E-01   .1112360E-01   .5984039E-02   .5608791E-04  -.5487020E-02
  -.9747010E-02  -.1412963E-01  -.1689384E-01  -.1949969E-01  -.2316451E-01
  -.2594710E-01  -.2811046E-01  -.2883967E-01  -.2688015E-01  -.2095836E-01
  -.1403162E-01  -.7786959E-02  -.5906538E-03   .6262825E-02   .9758565E-02
   .1062884E-01   .1139746E-01   .1147506E-01   .9961722E-02   .9218363E-02
   .8637319E-02   .7724525E-02   .8011768E-02   .1067800E-01   .1461275E-01
   .1725415E-01   .1924727E-01   .1934339E-01   .1730819E-01   .1534974E-01
   .1248213E-01   .9629690E-02   .8038120E-02   .6387340E-02   .5672111E-02
   .5039743E-02   .4892988E-02   .6850698E-02   .8769167E-02   .1160417E-01
   .1367833E-01   .1485930E-01   .1545016E-01   .1451224E-01   .1247609E-01
   .7994616E-02   .4177494E-02  -.1276185E-03  -.4545100E-02  -.9780224E-02
  -.1408334E-01  -.1822048E-01  -.2143484E-01  -.2361902E-01  -.2398195E-01
  -.2350138E-01  -.2353324E-01  -.2372650E-01  -.2304374E-01  -.2290708E-01
  -.2235754E-01  -.2227422E-01  -.2226760E-01  -.2066107E-01  -.1902546E-01
  -.2040175E-01  -.1871457E-01  -.1510662E-01  -.1140352E-01  -.7129947E-02
  -.4935089E-02  -.2711290E-02  -.6666400E-03   .1138641E-02   .3159296E-02
   .5622343E-02   .7718348E-02   .9299505E-02   .1180531E-01   .1501802E-01
   .1727281E-01   .1912890E-01   .2062471E-01   .1995565E-01   .1720392E-01
   .1355035E-01   .9401827E-02   .5847116E-02   .3588318E-02   .3539556E-02
   .5300032E-02   .7235852E-02   .9699994E-02   .1209022E-01   .1367249E-01
   .1444922E-01   .1459208E-01   .1449144E-01   .1451453E-01   .1390918E-01
   .1211919E-01   .1043231E-01   .8015673E-02   .3836379E-02  -.2022708E-02
  -.7135107E-02  -.1018264E-01  -.1310481E-01  -.1537955E-01  -.1485758E-01
  -.1331509E-01  -.1167926E-01  -.9751730E-02  -.8185907E-02  -.7008889E-02
  -.6029514E-02  -.5102278E-02  -.4250207E-02  -.3289354E-02  -.2408959E-02
  -.1648249E-02  -.9478075E-03  -.4175759E-03   .6863554E-04   .4089759E-03
   .6760714E-03   .9327903E-03   .1134642E-02   .1227008E-02   .1196905E-02
   .1075736E-02   .8955543E-03   .6900507E-03   .4781008E-03
