PEER NGA STRONG MOTION DATABASE RECORD
Northridge-06, 3/20/1994, Canoga Park - Topanga Can, 106
VELOCITY TIME SERIES IN UNITS OF CM/S
NPTS=    699, DT=   .0100 SEC,  -5 POLE @     1.00000 HZ,   0 POLE @      .00000
   .0000000E+00  -.1051332E-02  -.1054652E-02  -.1464310E-02  -.3072091E-02
  -.3044588E-02  -.3734414E-02  -.8039104E-02  -.1014504E-01  -.8949328E-02
  -.7749152E-02  -.7586260E-02  -.8781557E-02  -.1249560E-01  -.1857861E-01
  -.2525833E-01  -.3354800E-01  -.4264461E-01  -.5170251E-01  -.6028504E-01
  -.6513618E-01  -.6195602E-01  -.5277278E-01  -.4370184E-01  -.3581032E-01
  -.2625044E-01  -.1432336E-01  -.3663709E-02   .1856158E-02   .4176606E-02
   .6569482E-02   .9444923E-02   .1463621E-01   .2377784E-01   .3607714E-01
   .5204245E-01   .6693528E-01   .7366222E-01   .7545302E-01   .6957165E-01
   .5362340E-01   .3548577E-01   .1866368E-01   .6255724E-02  -.1449173E-03
  -.9210181E-03   .2145576E-02   .5375074E-02   .8725021E-02   .1247880E-01
   .1620314E-01   .2098931E-01   .2923021E-01   .4156534E-01   .5614836E-01
   .6652010E-01   .6732432E-01   .6272635E-01   .5792786E-01   .5319181E-01
   .5157635E-01   .5947704E-01   .6996566E-01   .7180049E-01   .6551719E-01
   .5065679E-01   .2927574E-01   .5472859E-02  -.1316773E-01  -.2118530E-01
  -.1885988E-01  -.6250239E-02   .9784183E-02   .1754285E-01   .1666508E-01
   .1957160E-01   .2728965E-01   .3381901E-01   .3844136E-01   .4023510E-01
   .3579697E-01   .1963290E-01  -.1290187E-01  -.5369339E-01  -.8796063E-01
  -.1123647E+00  -.1227917E+00  -.1134466E+00  -.8663262E-01  -.5539836E-01
  -.3440313E-01  -.2106004E-01  -.6099805E-02   .1449297E-01   .4005100E-01
   .6772165E-01   .9557308E-01   .1222379E+00   .1421117E+00   .1489784E+00
   .1425725E+00   .1302028E+00   .1163232E+00   .1003550E+00   .8387900E-01
   .5967302E-01   .2581021E-01  -.9410475E-02  -.4563362E-01  -.8617414E-01
  -.1312047E+00  -.1774446E+00  -.2207411E+00  -.2521267E+00  -.2549596E+00
  -.2188837E+00  -.1531275E+00  -.8566540E-01  -.3444719E-01   .2547922E-02
   .3172110E-01   .5524465E-01   .6483634E-01   .5026522E-01   .1187340E-01
  -.3859126E-01  -.8960141E-01  -.1230263E+00  -.1160777E+00  -.6916099E-01
  -.8552769E-02   .2328702E-01  -.2381391E-02  -.6022973E-01  -.1036046E+00
  -.9518141E-01  -.2657694E-01   .6298968E-01   .1239565E+00   .1362616E+00
   .1108787E+00   .7616540E-01   .6056081E-01   .7598025E-01   .1095435E+00
   .1299159E+00   .1157591E+00   .7557528E-01   .3250017E-01  -.3567936E-02
  -.4179266E-01  -.9087539E-01  -.1426606E+00  -.1759346E+00  -.1814711E+00
  -.1735190E+00  -.1650118E+00  -.1672219E+00  -.1812460E+00  -.1783054E+00
  -.1267752E+00  -.3465479E-01   .5866726E-01   .1159221E+00   .1187279E+00
   .7610953E-01   .1241307E-01  -.4241934E-01  -.5372477E-01  -.1096498E-01
   .5015447E-01   .7924154E-01   .6005286E-01   .1724336E-01  -.2719796E-01
  -.5849759E-01  -.5707096E-01  -.2161899E-01   .2582238E-01   .6091560E-01
   .7745130E-01   .8082300E-01   .7690536E-01   .7171578E-01   .7779461E-01
   .1070866E+00   .1556316E+00   .2096604E+00   .2480102E+00   .2443157E+00
   .1941797E+00   .1302724E+00   .8823756E-01   .8261649E-01   .1118275E+00
   .1691292E+00   .2433160E+00   .3116063E+00   .3578838E+00   .3666199E+00
   .3052669E+00   .1566241E+00  -.4262970E-01  -.2225540E+00  -.3358196E+00
  -.3835150E+00  -.3935275E+00  -.3812092E+00  -.3343153E+00  -.2478108E+00
  -.1363831E+00  -.2587260E-01   .5053184E-01   .8098876E-01   .8206645E-01
   .7914386E-01   .9072558E-01   .1158513E+00   .1389153E+00   .1472443E+00
   .1301391E+00   .8180098E-01   .2029939E-01  -.1215242E-01   .8085496E-02
   .6603224E-01   .1265719E+00   .1596909E+00   .1628134E+00   .1444656E+00
   .9444093E-01  -.6404733E-04  -.1281318E+00  -.2606952E+00  -.3750824E+00
  -.4619682E+00  -.5076406E+00  -.4851562E+00  -.3762331E+00  -.1981752E+00
   .4869919E-02   .1715303E+00   .2367597E+00   .1632012E+00  -.1696972E-01
  -.2305526E+00  -.4239744E+00  -.5572641E+00  -.6094178E+00  -.5963881E+00
  -.5557912E+00  -.5125205E+00  -.4718841E+00  -.4373719E+00  -.4084158E+00
  -.3960261E+00  -.4492769E+00  -.6022970E+00  -.7980464E+00  -.9120835E+00
  -.8635622E+00  -.6776646E+00  -.4212105E+00  -.1422845E+00   .1091461E+00
   .2942125E+00   .4237250E+00   .5354627E+00   .6527882E+00   .7744785E+00
   .8954852E+00   .1017047E+01   .1145576E+01   .1284259E+01   .1435724E+01
   .1608883E+01   .1800439E+01   .1988442E+01   .2107830E+01   .2026018E+01
   .1658907E+01   .1084893E+01   .4286973E+00  -.2410157E+00  -.8798352E+00
  -.1436156E+01  -.1841820E+01  -.2016479E+01  -.1955340E+01  -.1770536E+01
  -.1563285E+01  -.1358755E+01  -.1145049E+01  -.9082608E+00  -.6405286E+00
  -.3470269E+00  -.3172584E-01   .3122597E+00   .6862328E+00   .1078303E+01
   .1446374E+01   .1702877E+01   .1745023E+01   .1555134E+01   .1231168E+01
   .9175007E+00   .7246098E+00   .6504057E+00   .6115452E+00   .5522041E+00
   .4721580E+00   .3888404E+00   .3023418E+00   .1834900E+00  -.3286544E-02
  -.2632691E+00  -.5724923E+00  -.9014054E+00  -.1226130E+01  -.1534877E+01
  -.1824927E+01  -.2079750E+01  -.2256965E+01  -.2303895E+01  -.2184480E+01
  -.1888846E+01  -.1453256E+01  -.9405123E+00  -.4383969E+00  -.2493465E-01
   .2894605E+00   .5349510E+00   .7485071E+00   .9479558E+00   .1132276E+01
   .1288263E+01   .1381990E+01   .1364863E+01   .1228520E+01   .1014186E+01
   .7749488E+00   .5433167E+00   .3172642E+00   .7612687E-01  -.2014278E+00
  -.5065245E+00  -.8032476E+00  -.1063748E+01  -.1265830E+01  -.1381028E+01
  -.1382260E+01  -.1268649E+01  -.1063340E+01  -.7881429E+00  -.4557563E+00
  -.7347801E-01   .3413835E+00   .7507450E+00   .1107804E+01   .1345109E+01
   .1389230E+01   .1262918E+01   .1060538E+01   .8502046E+00   .6595955E+00
   .4811376E+00   .2563980E+00  -.6952337E-01  -.4790344E+00  -.8825315E+00
  -.1184317E+01  -.1353545E+01  -.1428294E+01  -.1472444E+01  -.1494486E+01
  -.1462400E+01  -.1355999E+01  -.1171356E+01  -.9250121E+00  -.6445727E+00
  -.3526840E+00  -.6324908E-01   .2294660E+00   .5483548E+00   .9155097E+00
   .1335227E+01   .1788868E+01   .2248142E+01   .2689784E+01   .3083927E+01
   .3399958E+01   .3598353E+01   .3623817E+01   .3447978E+01   .3119838E+01
   .2727067E+01   .2317246E+01   .1914348E+01   .1535544E+01   .1185676E+01
   .8387658E+00   .4263413E+00  -.1013554E+00  -.7072603E+00  -.1297445E+01
  -.1766506E+01  -.2051783E+01  -.2185708E+01  -.2231279E+01  -.2220910E+01
  -.2166520E+01  -.2073855E+01  -.1945018E+01  -.1775978E+01  -.1555202E+01
  -.1264797E+01  -.9024867E+00  -.4838508E+00  -.4566223E-01   .3523153E+00
   .5771857E+00   .4845538E+00   .5189006E-01  -.7037086E+00  -.1738761E+01
  -.2905936E+01  -.4032834E+01  -.4816107E+01  -.4927717E+01  -.4320466E+01
  -.3239014E+01  -.2020724E+01  -.8803889E+00   .2167355E-01   .6020720E+00
   .9373800E+00   .1170768E+01   .1400232E+01   .1658500E+01   .1909304E+01
   .2033958E+01   .1937410E+01   .1704624E+01   .1520054E+01   .1491935E+01
   .1578346E+01   .1685007E+01   .1769703E+01   .1803574E+01   .1728740E+01
   .1481316E+01   .1098521E+01   .6861032E+00   .3349942E+00   .1502767E+00
   .1730646E+00   .3097399E+00   .4341051E+00   .4517708E+00   .3355940E+00
   .1215991E+00  -.1661469E+00  -.4934616E+00  -.7764436E+00  -.8909594E+00
  -.7984571E+00  -.5926832E+00  -.3439316E+00  -.7383074E-01   .1986556E+00
   .4576695E+00   .6858944E+00   .8554843E+00   .9326677E+00   .8575506E+00
   .6018756E+00   .2296939E+00  -.1827605E+00  -.5841343E+00  -.9242490E+00
  -.1156255E+01  -.1262823E+01  -.1216732E+01  -.9630064E+00  -.5416956E+00
  -.7361596E-01   .3246775E+00   .5725757E+00   .6903576E+00   .7338109E+00
   .7201156E+00   .6585828E+00   .5749684E+00   .5009863E+00   .4857981E+00
   .5926414E+00   .8225023E+00   .1098299E+01   .1303435E+01   .1265221E+01
   .9051735E+00   .3545945E+00  -.2325521E+00  -.7455464E+00  -.1066998E+01
  -.1200610E+01  -.1266475E+01  -.1347348E+01  -.1474411E+01  -.1649540E+01
  -.1846803E+01  -.1995780E+01  -.2000963E+01  -.1848945E+01  -.1618548E+01
  -.1365764E+01  -.1109367E+01  -.8592496E+00  -.6059599E+00  -.3252786E+00
  -.3730068E-02   .3383697E+00   .6530226E+00   .8693905E+00   .9613239E+00
   .9843118E+00   .9877093E+00   .9897953E+00   .1002105E+01   .1022102E+01
   .1021012E+01   .9547128E+00   .8018399E+00   .5873142E+00   .3566579E+00
   .1462770E+00  -.1035497E-01  -.7313829E-01  -.3001084E-01   .8823337E-01
   .2488933E+00   .4374121E+00   .6507559E+00   .8865240E+00   .1136634E+01
   .1382650E+01   .1598826E+01   .1740013E+01   .1767365E+01   .1667578E+01
   .1433620E+01   .1061413E+01   .5670061E+00  -.3885232E-02  -.6025885E+00
  -.1179283E+01  -.1644115E+01  -.1872542E+01  -.1787159E+01  -.1447748E+01
  -.9864473E+00  -.4698468E+00   .8860533E-01   .6587393E+00   .1180363E+01
   .1528863E+01   .1598508E+01   .1468122E+01   .1272358E+01   .1064727E+01
   .8647470E+00   .6760954E+00   .4869169E+00   .2810385E+00   .4057824E-01
  -.2525496E+00  -.6324821E+00  -.1134953E+01  -.1738672E+01  -.2385882E+01
  -.3043324E+01  -.3674386E+01  -.4196369E+01  -.4516092E+01  -.4611644E+01
  -.4521316E+01  -.4282295E+01  -.3924374E+01  -.3468377E+01  -.2914518E+01
  -.2247549E+01  -.1432624E+01  -.4657292E+00   .5803911E+00   .1635375E+01
   .2642599E+01   .3516183E+01   .4190590E+01   .4622991E+01   .4783894E+01
   .4701130E+01   .4434166E+01   .4029928E+01   .3528475E+01   .2969922E+01
   .2379271E+01   .1776614E+01   .1174486E+01   .5895139E+00   .5652611E-01
  -.3741255E+00  -.6788197E+00  -.8906284E+00  -.1052321E+01  -.1182973E+01
  -.1280946E+01  -.1329623E+01  -.1306377E+01  -.1202525E+01  -.1031760E+01
  -.8200124E+00  -.5850449E+00  -.3386618E+00  -.9360462E-01   .1347922E+00
   .3116156E+00   .3911055E+00   .3742632E+00   .3022020E+00   .2050238E+00
   .9395853E-01  -.3013128E-01  -.1714645E+00  -.3381945E+00  -.5228496E+00
  -.7059743E+00  -.8717781E+00  -.1010352E+01  -.1120070E+01  -.1204021E+01
  -.1263900E+01  -.1303918E+01  -.1326082E+01  -.1313180E+01  -.1243438E+01
  -.1113038E+01  -.9316422E+00  -.7134877E+00  -.4817985E+00  -.2580300E+00
  -.4875058E-01   .1465024E+00   .3344054E+00   .5199091E+00   .6939337E+00
   .8386716E+00   .9422471E+00   .1001294E+01   .1016942E+01   .1000350E+01
   .9698350E+00   .9374881E+00   .9078488E+00   .8780767E+00   .8387643E+00
   .7832474E+00   .7111243E+00   .6249381E+00   .5311044E+00   .4356849E+00
   .3407473E+00   .2473060E+00   .1583951E+00   .8012683E-01   .1691314E-01
  -.3125397E-01  -.6743265E-01  -.9587167E-01  -.1194339E+00  -.1374849E+00
  -.1486589E+00  -.1533276E+00  -.1526770E+00  -.1481083E+00  -.1409601E+00
  -.1325629E+00  -.1233689E+00  -.1129796E+00  -.1018642E+00  -.9056396E-01
  -.7907709E-01  -.6729539E-01  -.5498643E-01  -.4204979E-01  -.2919351E-01
  -.1758006E-01  -.8315963E-02  -.1985944E-02   .1368468E-02
