PEER NGA STRONG MOTION DATABASE RECORD
Northridge-06, 3/20/1994, Canoga Park - Topanga Can, 196
DISPLACEMENT TIME SERIES IN UNITS OF CM
NPTS=    699, DT=   .0100 SEC,  -5 POLE @     1.00000 HZ,   0 POLE @      .00000
   .0000000E+00   .7491184E-04   .2786720E-03   .5385045E-03   .7649969E-03
   .9035890E-03   .9146091E-03   .7792911E-03   .5131180E-03   .1196926E-03
  -.4147561E-03  -.1087456E-02  -.1878818E-02  -.2771014E-02  -.3736818E-02
  -.4747806E-02  -.5797277E-02  -.6867865E-02  -.7932549E-02  -.8973220E-02
  -.9950485E-02  -.1082163E-01  -.1158620E-01  -.1226112E-01  -.1285125E-01
  -.1335389E-01  -.1377691E-01  -.1417687E-01  -.1461923E-01  -.1513053E-01
  -.1575474E-01  -.1656066E-01  -.1758957E-01  -.1884094E-01  -.2027274E-01
  -.2181656E-01  -.2340271E-01  -.2497542E-01  -.2648302E-01  -.2784209E-01
  -.2896167E-01  -.2980222E-01  -.3037342E-01  -.3072224E-01  -.3090168E-01
  -.3094007E-01  -.3085897E-01  -.3067658E-01  -.3040745E-01  -.3009149E-01
  -.2978232E-01  -.2950151E-01  -.2924889E-01  -.2902464E-01  -.2882324E-01
  -.2861761E-01  -.2835801E-01  -.2801173E-01  -.2757144E-01  -.2701094E-01
  -.2627347E-01  -.2531580E-01  -.2416227E-01  -.2290976E-01  -.2167828E-01
  -.2058819E-01  -.1975302E-01  -.1926142E-01  -.1918623E-01  -.1955325E-01
  -.2030475E-01  -.2135228E-01  -.2259196E-01  -.2388134E-01  -.2508708E-01
  -.2610175E-01  -.2684989E-01  -.2733226E-01  -.2757805E-01  -.2756554E-01
  -.2726739E-01  -.2672203E-01  -.2602806E-01  -.2530816E-01  -.2467362E-01
  -.2421566E-01  -.2397818E-01  -.2390738E-01  -.2387172E-01  -.2374538E-01
  -.2347272E-01  -.2304828E-01  -.2247103E-01  -.2173610E-01  -.2081369E-01
  -.1965145E-01  -.1822274E-01  -.1654622E-01  -.1468797E-01  -.1275900E-01
  -.1088428E-01  -.9179904E-02  -.7768851E-02  -.6767654E-02  -.6243780E-02
  -.6213821E-02  -.6659353E-02  -.7561820E-02  -.8904321E-02  -.1062129E-01
  -.1260724E-01  -.1477263E-01  -.1706769E-01  -.1943945E-01  -.2174643E-01
  -.2374530E-01  -.2519975E-01  -.2598939E-01  -.2610386E-01  -.2563446E-01
  -.2478982E-01  -.2379987E-01  -.2279362E-01  -.2177755E-01  -.2070397E-01
  -.1959642E-01  -.1860800E-01  -.1790507E-01  -.1753662E-01  -.1741024E-01
  -.1735000E-01  -.1724410E-01  -.1712886E-01  -.1709502E-01  -.1712291E-01
  -.1692974E-01  -.1600956E-01  -.1399548E-01  -.1093957E-01  -.7250014E-02
  -.3462438E-02   .3065514E-04   .3100497E-02   .5798096E-02   .8175279E-02
   .1011216E-01   .1131549E-01   .1150092E-01   .1060734E-01   .8923679E-02
   .6982672E-02   .5226445E-02   .3781626E-02   .2562056E-02   .1489276E-02
   .5907037E-03   .8080914E-05  -.5797118E-04   .5297885E-03   .1773168E-02
   .3568107E-02   .5774803E-02   .8255722E-02   .1085661E-01   .1340152E-01
   .1573208E-01   .1770092E-01   .1911199E-01   .1973861E-01   .1944402E-01
   .1829373E-01   .1659755E-01   .1484429E-01   .1354444E-01   .1307872E-01
   .1364028E-01   .1524127E-01   .1767726E-01   .2049768E-01   .2319254E-01
   .2549472E-01   .2741233E-01   .2901686E-01   .3028470E-01   .3110840E-01
   .3137135E-01   .3097632E-01   .2991330E-01   .2833353E-01   .2649481E-01
   .2463145E-01   .2288689E-01   .2131235E-01   .1984238E-01   .1826269E-01
   .1626593E-01   .1357424E-01   .1002285E-01   .5621699E-02   .5472871E-03
  -.5044182E-02  -.1115713E-01  -.1784669E-01  -.2498981E-01  -.3211027E-01
  -.3845875E-01  -.4334482E-01  -.4640526E-01  -.4765297E-01  -.4743349E-01
  -.4631124E-01  -.4479893E-01  -.4311792E-01  -.4123538E-01  -.3913824E-01
  -.3705295E-01  -.3534337E-01  -.3426691E-01  -.3393031E-01  -.3441543E-01
  -.3576486E-01  -.3774913E-01  -.3982471E-01  -.4144862E-01  -.4229755E-01
  -.4221347E-01  -.4114277E-01  -.3910050E-01  -.3607818E-01  -.3198484E-01
  -.2674724E-01  -.2052111E-01  -.1387762E-01  -.7722093E-02  -.2828179E-02
   .4617760E-03   .2070353E-02   .2032037E-02   .6897318E-03  -.1080808E-02
  -.2196799E-02  -.1985251E-02  -.3210324E-03   .2711515E-02   .7144754E-02
   .1315744E-01   .2089542E-01   .3038555E-01   .4158924E-01   .5442937E-01
   .6859872E-01   .8313726E-01   .9654335E-01   .1077438E+00   .1167428E+00
   .1243219E+00   .1313669E+00   .1384287E+00   .1457568E+00   .1535126E+00
   .1618592E+00   .1709665E+00   .1810198E+00   .1922230E+00   .2047303E+00
   .2184762E+00   .2329219E+00   .2469189E+00   .2589090E+00   .2673415E+00
   .2710260E+00   .2692013E+00   .2613279E+00   .2468701E+00   .2252424E+00
   .1958937E+00   .1584592E+00   .1129487E+00   .5997946E-01   .9179814E-03
  -.6221118E-01  -.1268378E+00  -.1899959E+00  -.2486766E+00  -.3001066E+00
  -.3419377E+00  -.3725177E+00  -.3910914E+00  -.3978594E+00  -.3938844E+00
  -.3806504E+00  -.3594979E+00  -.3315302E+00  -.2979177E+00  -.2602859E+00
  -.2207414E+00  -.1811436E+00  -.1424560E+00  -.1047993E+00  -.6773056E-01
  -.3047803E-01   .7792628E-02   .4774312E-01   .8966667E-01   .1331816E+00
   .1767486E+00   .2174992E+00   .2519364E+00   .2770415E+00   .2909516E+00
   .2929768E+00   .2835714E+00   .2646311E+00   .2393412E+00   .2110213E+00
   .1819180E+00   .1530725E+00   .1247094E+00   .9646658E-01   .6774163E-01
   .3813680E-01   .7771311E-02  -.2270622E-01  -.5233485E-01  -.8006581E-01
  -.1049866E+00  -.1264613E+00  -.1441538E+00  -.1580151E+00  -.1681993E+00
  -.1749557E+00  -.1785811E+00  -.1795470E+00  -.1788540E+00  -.1785859E+00
  -.1817872E+00  -.1909717E+00  -.2071764E+00  -.2303255E+00  -.2590962E+00
  -.2904229E+00  -.3204864E+00  -.3465649E+00  -.3673770E+00  -.3822893E+00
  -.3908981E+00  -.3929195E+00  -.3880165E+00  -.3756638E+00  -.3552320E+00
  -.3261933E+00  -.2882883E+00  -.2415671E+00  -.1863368E+00  -.1231955E+00
  -.5368999E-01   .1871061E-01   .8966283E-01   .1563606E+00   .2179476E+00
   .2745791E+00   .3268771E+00   .3755709E+00   .4211366E+00   .4634601E+00
   .5016104E+00   .5343030E+00   .5612584E+00   .5837437E+00   .6032289E+00
   .6198656E+00   .6325225E+00   .6400041E+00   .6422038E+00   .6403567E+00
   .6360845E+00   .6303370E+00   .6234115E+00   .6153821E+00   .6062014E+00
   .5955956E+00   .5827664E+00   .5661173E+00   .5435305E+00   .5129178E+00
   .4723788E+00   .4202963E+00   .3556874E+00   .2782813E+00   .1882649E+00
   .8603958E-01  -.2789298E-01  -.1526254E+00  -.2864344E+00  -.4266157E+00
  -.5692175E+00  -.7092803E+00  -.8418083E+00  -.9623221E+00  -.1066927E+01
  -.1152674E+01  -.1217756E+01  -.1261066E+01  -.1281659E+01  -.1278593E+01
  -.1251322E+01  -.1200308E+01  -.1127653E+01  -.1037414E+01  -.9348626E+00
  -.8255711E+00  -.7152469E+00  -.6087719E+00  -.5084311E+00  -.4134408E+00
  -.3210406E+00  -.2288719E+00  -.1373246E+00  -.4952486E-01   .3075015E-01
   .1012273E+00   .1620941E+00   .2155768E+00   .2648154E+00   .3130169E+00
   .3629550E+00   .4165924E+00   .4748409E+00   .5367552E+00   .5986521E+00
   .6549392E+00   .7000218E+00   .7294654E+00   .7397930E+00   .7286907E+00
   .6966863E+00   .6478453E+00   .5884045E+00   .5245666E+00   .4610884E+00
   .4012280E+00   .3470958E+00   .2997732E+00   .2593905E+00   .2255122E+00
   .1975967E+00   .1751246E+00   .1573300E+00   .1429884E+00   .1308642E+00
   .1203226E+00   .1114652E+00   .1052358E+00   .1030286E+00   .1054333E+00
   .1111101E+00   .1165703E+00   .1176157E+00   .1112109E+00   .9570537E-01
   .7033337E-01   .3536353E-01  -.7360416E-02  -.5462894E-01  -.1029908E+00
  -.1494165E+00  -.1916332E+00  -.2283587E+00  -.2589489E+00  -.2830759E+00
  -.3006323E+00  -.3117115E+00  -.3167271E+00  -.3165122E+00  -.3121902E+00
  -.3049831E+00  -.2961445E+00  -.2867703E+00  -.2776059E+00  -.2690275E+00
  -.2610436E+00  -.2533279E+00  -.2452552E+00  -.2358243E+00  -.2237570E+00
  -.2079130E+00  -.1876105E+00  -.1627254E+00  -.1336053E+00  -.1008983E+00
  -.6553420E-01  -.2859287E-01   .8845403E-02   .4559941E-01   .8052870E-01
   .1125786E+00   .1407028E+00   .1642618E+00   .1831461E+00   .1974338E+00
   .2071923E+00   .2124032E+00   .2128949E+00   .2084109E+00   .1988052E+00
   .1842181E+00   .1653523E+00   .1434819E+00   .1200402E+00   .9652883E-01
   .7436742E-01   .5450030E-01   .3749395E-01   .2379785E-01   .1376381E-01
   .7549203E-02   .5016522E-02   .5565512E-02   .8053579E-02   .1115516E-01
   .1373199E-01   .1503997E-01   .1488018E-01   .1345986E-01   .1118918E-01
   .8516263E-02   .5744174E-02   .2931381E-02  -.6689470E-04  -.3394191E-02
  -.7061619E-02  -.1098886E-01  -.1502586E-01  -.1894456E-01  -.2248147E-01
  -.2540156E-01  -.2759272E-01  -.2912967E-01  -.3017824E-01  -.3087168E-01
  -.3126338E-01  -.3128193E-01  -.3072256E-01  -.2933086E-01  -.2693699E-01
  -.2353884E-01  -.1931761E-01  -.1459530E-01  -.9738857E-02  -.5101641E-02
  -.9516507E-03   .2591715E-02   .5472945E-02   .7631940E-02   .9082770E-02
   .1002129E-01   .1085714E-01   .1211768E-01   .1431210E-01   .1784290E-01
   .2288921E-01   .2933675E-01   .3684010E-01   .4491086E-01   .5299655E-01
   .6057569E-01   .6719613E-01   .7247084E-01   .7609298E-01   .7777723E-01
   .7721181E-01   .7411747E-01   .6830204E-01   .5972480E-01   .4860908E-01
   .3546303E-01   .2092446E-01   .5645701E-02  -.9699372E-02  -.2451268E-01
  -.3843352E-01  -.5131469E-01  -.6309529E-01  -.7378974E-01  -.8348858E-01
  -.9227958E-01  -.1002318E+00  -.1073973E+00  -.1137188E+00  -.1189623E+00
  -.1228047E+00  -.1249713E+00  -.1252971E+00  -.1237786E+00  -.1205611E+00
  -.1158609E+00  -.1099364E+00  -.1030368E+00  -.9535054E-01  -.8701506E-01
  -.7812140E-01  -.6872169E-01  -.5879064E-01  -.4818884E-01  -.3670475E-01
  -.2410153E-01  -.1017904E-01   .5185944E-02   .2202834E-01   .4026674E-01
   .5966847E-01   .7987037E-01   .1004699E+00   .1210542E+00   .1411728E+00
   .1603552E+00   .1781609E+00   .1942027E+00   .2081680E+00   .2198621E+00
   .2292255E+00   .2362720E+00   .2410072E+00   .2434374E+00   .2435948E+00
   .2415162E+00   .2372341E+00   .2307661E+00   .2221540E+00   .2115168E+00
   .1989403E+00   .1844385E+00   .1681489E+00   .1503803E+00   .1315077E+00
   .1118850E+00   .9177906E-01   .7140294E-01   .5095558E-01   .3062515E-01
   .1061533E-01  -.8852214E-02  -.2757560E-01  -.4536450E-01  -.6197856E-01
  -.7714358E-01  -.9062478E-01  -.1022392E+00  -.1118845E+00  -.1196241E+00
  -.1256991E+00  -.1304575E+00  -.1342795E+00  -.1374965E+00  -.1403074E+00
  -.1427270E+00  -.1446226E+00  -.1457957E+00  -.1460196E+00  -.1450779E+00
  -.1428153E+00  -.1391514E+00  -.1340629E+00  -.1275503E+00  -.1196301E+00
  -.1103751E+00  -.9992925E-01  -.8847843E-01  -.7628487E-01  -.6375634E-01
  -.5140782E-01  -.3970829E-01  -.2900410E-01  -.1956896E-01  -.1157323E-01
  -.5009271E-02   .2514311E-03   .4374132E-02   .7531809E-02   .9877327E-02
   .1153078E-01   .1259176E-01   .1315062E-01   .1329541E-01   .1311571E-01
   .1269688E-01   .1211496E-01   .1143593E-01   .1071488E-01   .9996991E-02
   .9317402E-02   .8703848E-02   .8180408E-02   .7765536E-02   .7467971E-02
   .7285530E-02   .7207118E-02   .7215894E-02   .7292173E-02
