PEER NGA STRONG MOTION DATABASE RECORD
Northridge-06, 3/20/1994, Canoga Park - Topanga Can, 106
DISPLACEMENT TIME SERIES IN UNITS OF CM
NPTS=    699, DT=   .0100 SEC,  -5 POLE @     1.00000 HZ,   0 POLE @      .00000
   .0000000E+00  -.5256660E-05  -.1578658E-04  -.2838139E-04  -.5106340E-04
  -.8164679E-04  -.1155418E-03  -.1744094E-03  -.2653301E-03  -.3608019E-03
  -.4442943E-03  -.5209714E-03  -.6028105E-03  -.7091963E-03  -.8645673E-03
  -.1083752E-02  -.1377784E-02  -.1758747E-02  -.2230482E-02  -.2790420E-02
  -.3417526E-02  -.4052987E-02  -.4626631E-02  -.5109004E-02  -.5506565E-02
  -.5816869E-02  -.6019738E-02  -.6109673E-02  -.6118711E-02  -.6088547E-02
  -.6034817E-02  -.5954745E-02  -.5834339E-02  -.5642269E-02  -.5342994E-02
  -.4902396E-02  -.4307507E-02  -.3604520E-02  -.2858943E-02  -.2133820E-02
  -.1517845E-02  -.1072299E-02  -.8015518E-03  -.6769548E-03  -.6464007E-03
  -.6517304E-03  -.6456076E-03  -.6080044E-03  -.5375039E-03  -.4314848E-03
  -.2880751E-03  -.1021128E-03   .1489847E-03   .5029624E-03   .9915309E-03
   .1604873E-02   .2274095E-02   .2924349E-02   .3527620E-02   .4083218E-02
   .4607059E-02   .5162326E-02   .5809539E-02   .6518370E-02   .7204959E-02
   .7785828E-02   .8185491E-02   .8359234E-02   .8320760E-02   .8148995E-02
   .7948769E-02   .7823218E-02   .7840888E-02   .7977523E-02   .8148563E-02
   .8329746E-02   .8564052E-02   .8869596E-02   .9230897E-02   .9624280E-02
   .1000444E-01   .1028159E-01   .1031524E-01   .9982268E-02   .9273998E-02
   .8272372E-02   .7096590E-02   .5915398E-02   .4915002E-02   .4204847E-02
   .3755840E-02   .3478524E-02   .3342725E-02   .3384691E-02   .3657410E-02
   .4196274E-02   .5012747E-02   .6101802E-02   .7423551E-02   .8879001E-02
   .1033676E-01   .1170063E-01   .1293326E-01   .1401665E-01   .1493782E-01
   .1565558E-01   .1608300E-01   .1616500E-01   .1588978E-01   .1523074E-01
   .1414384E-01   .1260060E-01   .1060967E-01   .8245330E-02   .5709899E-02
   .3340682E-02   .1480626E-02   .2866612E-03  -.3139018E-03  -.4733981E-03
  -.3020530E-03   .1327758E-03   .7331807E-03   .1308689E-02   .1619382E-02
   .1485792E-02   .8448290E-03  -.2183097E-03  -.1413830E-02  -.2340023E-02
  -.2728592E-02  -.2654920E-02  -.2550392E-02  -.2863448E-02  -.3682619E-02
  -.4676549E-02  -.5285341E-02  -.5103277E-02  -.4168546E-02  -.2867456E-02
  -.1631755E-02  -.6965341E-03  -.1290310E-04   .6698022E-03   .1597421E-02
   .2794718E-02   .4023093E-02   .4979765E-02   .5520142E-02   .5664803E-02
   .5438000E-02   .4774660E-02   .3606980E-02   .2014004E-02   .2269753E-03
  -.1547975E-02  -.3240629E-02  -.4901797E-02  -.6644136E-02  -.8441893E-02
  -.9967297E-02  -.1077445E-01  -.1065438E-01  -.9781437E-02  -.8608188E-02
  -.7634001E-02  -.7191388E-02  -.7341419E-02  -.7822140E-02  -.8145588E-02
  -.7949641E-02  -.7302661E-02  -.6606189E-02  -.6219708E-02  -.6269481E-02
  -.6697958E-02  -.7275801E-02  -.7669251E-02  -.7648234E-02  -.7214544E-02
  -.6522710E-02  -.5731338E-02  -.4942696E-02  -.4199591E-02  -.3452039E-02
  -.2527633E-02  -.1214041E-02   .6124191E-03   .2900772E-02   .5362402E-02
   .7554879E-02   .9177139E-02   .1026969E-01   .1112396E-01   .1209618E-01
   .1350096E-01   .1556319E-01   .1833780E-01   .2168525E-01   .2530777E-01
   .2866720E-01   .3097666E-01   .3154663E-01   .3022071E-01   .2742884E-01
   .2383217E-01   .1994696E-01   .1607327E-01   .1249565E-01   .9585022E-02
   .7664053E-02   .6852774E-02   .6976070E-02   .7633673E-02   .8448949E-02
   .9255001E-02   .1010435E-01   .1113723E-01   .1241107E-01   .1384186E-01
   .1522878E-01   .1628848E-01   .1679898E-01   .1683972E-01   .1681938E-01
   .1718997E-01   .1815299E-01   .1958431E-01   .2119683E-01   .2273322E-01
   .2392776E-01   .2439964E-01   .2375866E-01   .2181453E-01   .1863564E-01
   .1445039E-01   .9602341E-02   .4638357E-02   .3314107E-03  -.2540630E-02
  -.3507157E-02  -.2625156E-02  -.5837057E-03   .1416098E-02   .2147256E-02
   .9096443E-03  -.2362991E-02  -.7269183E-02  -.1310259E-01  -.1913162E-01
  -.2489252E-01  -.3023408E-01  -.3515610E-01  -.3970238E-01  -.4393132E-01
  -.4795353E-01  -.5218004E-01  -.5743791E-01  -.6443963E-01  -.7299028E-01
  -.8186851E-01  -.8957464E-01  -.9506902E-01  -.9788649E-01  -.9805218E-01
  -.9603539E-01  -.9244570E-01  -.8764976E-01  -.8170851E-01  -.7457217E-01
  -.6622236E-01  -.5665969E-01  -.4584657E-01  -.3369740E-01  -.2009748E-01
  -.4874444E-02   .1217217E-01   .3111657E-01   .5159793E-01   .7226718E-01
   .9069180E-01   .1044108E+00   .1119788E+00   .1129172E+00   .1073129E+00
   .9573295E-01   .7934307E-01   .6005157E-01   .4019248E-01   .2156310E-01
   .4893998E-02  -.9716203E-02  -.2223523E-01  -.3250178E-01  -.4024572E-01
  -.4518350E-01  -.4707726E-01  -.4567459E-01  -.4068213E-01  -.3185945E-01
  -.1923607E-01  -.3489819E-02   .1374968E-01   .3025046E-01   .4418197E-01
   .5492532E-01   .6313587E-01   .7001095E-01   .7632070E-01   .8213945E-01
   .8726126E-01   .9156625E-01   .9502216E-01   .9745132E-01   .9835234E-01
   .9701956E-01   .9284075E-01   .8547127E-01   .7483359E-01   .6102855E-01
   .4422953E-01   .2470614E-01   .3022568E-02  -.1978173E-01  -.4222360E-01
  -.6259023E-01  -.7930074E-01  -.9126958E-01  -.9816412E-01  -.1004808E+00
  -.9915815E-01  -.9503610E-01  -.8861880E-01  -.8013649E-01  -.6973533E-01
  -.5763263E-01  -.4428137E-01  -.3054711E-01  -.1758019E-01  -.6366662E-02
   .2579011E-02   .9170339E-02   .1347324E-01   .1544020E-01   .1481369E-01
   .1127393E-01   .4725072E-02  -.4609907E-02  -.1625780E-01  -.2949208E-01
  -.4330852E-01  -.5656307E-01  -.6822302E-01  -.7748043E-01  -.8369993E-01
  -.8634610E-01  -.8500657E-01  -.7954593E-01  -.7025318E-01  -.5798862E-01
  -.4431693E-01  -.3105619E-01  -.1943891E-01  -.9885195E-02  -.2336195E-02
   .3367471E-02   .7055148E-02   .7989521E-02   .5246733E-02  -.1561097E-02
  -.1189534E-01  -.2458465E-01  -.3849384E-01  -.5299753E-01  -.6783218E-01
  -.8261661E-01  -.9670861E-01  -.1093454E+00  -.1198272E+00  -.1276752E+00
  -.1326614E+00  -.1347411E+00  -.1339100E+00  -.1300209E+00  -.1227016E+00
  -.1114479E+00  -.9582743E-01  -.7564238E-01  -.5095275E-01  -.2208419E-01
   .1033523E-01   .4532679E-01   .8143764E-01   .1167966E+00   .1496357E+00
   .1788702E+00   .2040918E+00   .2252498E+00   .2424992E+00   .2561053E+00
   .2662275E+00   .2725531E+00   .2741780E+00   .2701349E+00   .2601114E+00
   .2447916E+00   .2257002E+00   .2045127E+00   .1824278E+00   .1601668E+00
   .1382297E+00   .1170278E+00   .9693345E-01   .7832847E-01   .6167257E-01
   .4757258E-01   .3673617E-01   .2980448E-01   .2715691E-01   .2869018E-01
   .3333768E-01   .3864638E-01   .4132860E-01   .3806951E-01   .2585716E-01
   .2633675E-02  -.3206018E-01  -.7630488E-01  -.1250240E+00  -.1712649E+00
  -.2090623E+00  -.2353610E+00  -.2498666E+00  -.2541601E+00  -.2510414E+00
  -.2433442E+00  -.2328034E+00  -.2199484E+00  -.2046548E+00  -.1868157E+00
  -.1670994E+00  -.1472426E+00  -.1290324E+00  -.1129090E+00  -.9784911E-01
  -.8249770E-01  -.6618093E-01  -.4890738E-01  -.3104100E-01  -.1337943E-01
   .2670854E-02   .1557004E-01   .2449316E-01   .2959864E-01   .3202500E-01
   .3364170E-01   .3605573E-01   .3977495E-01   .4420433E-01   .4814116E-01
   .5042712E-01   .5020438E-01   .4690634E-01   .4055681E-01   .3221980E-01
   .2377272E-01   .1681702E-01   .1213394E-01   .1004513E-01   .1066925E-01
   .1395088E-01   .1966870E-01   .2737559E-01   .3631635E-01   .4526744E-01
   .5256458E-01   .5672242E-01   .5695709E-01   .5312262E-01   .4558070E-01
   .3517818E-01   .2308279E-01   .1068502E-01  -.2136751E-03  -.7737185E-02
  -.1081374E-01  -.9558435E-02  -.5072169E-02   .1242497E-02   .8363340E-02
   .1563297E-01   .2252646E-01   .2869422E-01   .3407399E-01   .3900792E-01
   .4440011E-01   .5147583E-01   .6107984E-01   .7308851E-01   .8593179E-01
   .9678376E-01   .1030826E+00   .1036928E+00   .9880232E-01   .8973960E-01
   .7840155E-01   .6606613E-01   .5299701E-01   .3888822E-01   .2326847E-01
   .5786754E-02  -.1342616E-01  -.3340987E-01  -.5265941E-01  -.6999688E-01
  -.8491843E-01  -.9729409E-01  -.1071372E+00  -.1144632E+00  -.1191194E+00
  -.1207645E+00  -.1190913E+00  -.1141343E+00  -.1065222E+00  -.9736865E-01
  -.8764047E-01  -.7778037E-01  -.6789285E-01  -.5793334E-01  -.4781230E-01
  -.3759673E-01  -.2771811E-01  -.1893534E-01  -.1198957E-01  -.7269714E-02
  -.4755039E-02  -.4075429E-02  -.4492895E-02  -.5008641E-02  -.4717528E-02
  -.3031895E-02   .3996316E-03   .5840471E-02   .1352687E-01   .2364266E-01
   .3623909E-01   .5114647E-01   .6784067E-01   .8537755E-01   .1025523E+00
   .1180583E+00   .1305334E+00   .1386755E+00   .1414911E+00   .1384588E+00
   .1295494E+00   .1154324E+00   .9784912E-01   .7955062E-01   .6337609E-01
   .5120511E-01   .4392364E-01   .4201743E-01   .4575416E-01   .5494967E-01
   .6849580E-01   .8413266E-01   .9946580E-01   .1131682E+00   .1248536E+00
   .1345010E+00   .1422052E+00   .1480203E+00   .1518601E+00   .1534681E+00
   .1524083E+00   .1479831E+00   .1391459E+00   .1247778E+00   .1041551E+00
   .7700902E-01   .4342047E-01   .4066699E-02  -.3949561E-01  -.8513429E-01
  -.1307991E+00  -.1748171E+00  -.2158505E+00  -.2528142E+00  -.2847287E+00
  -.3105391E+00  -.3289399E+00  -.3384317E+00  -.3378584E+00  -.3267795E+00
  -.3053897E+00  -.2745958E+00  -.2360619E+00  -.1919940E+00  -.1449596E+00
  -.9753446E-01  -.5185798E-01  -.9537505E-02   .2825451E-01   .6074650E-01
   .8749246E-01   .1082719E+00   .1230274E+00   .1318474E+00   .1350776E+00
   .1334896E+00   .1282249E+00   .1203776E+00   .1106629E+00   .9948641E-01
   .8716681E-01   .7411397E-01   .6093396E-01   .4838945E-01   .3721803E-01
   .2795917E-01   .2093388E-01   .1631535E-01   .1415402E-01   .1435996E-01
   .1659200E-01   .2010560E-01   .2393244E-01   .2731477E-01   .2985090E-01
   .3134581E-01   .3166495E-01   .3065697E-01   .2810867E-01   .2380345E-01
   .1765933E-01   .9770572E-02   .3599230E-03  -.1029219E-01  -.2191264E-01
  -.3425225E-01  -.4709133E-01  -.6024133E-01  -.7343764E-01  -.8622073E-01
  -.9800311E-01  -.1082265E+00  -.1164522E+00  -.1224286E+00  -.1261277E+00
  -.1276616E+00  -.1271729E+00  -.1247683E+00  -.1204968E+00  -.1144275E+00
  -.1067645E+00  -.9785993E-01  -.8814222E-01  -.7805104E-01  -.6796458E-01
  -.5811365E-01  -.4857704E-01  -.3935035E-01  -.3042072E-01  -.2183652E-01
  -.1372646E-01  -.6254602E-02   .4257101E-03   .6205923E-02   .1103987E-01
   .1492203E-01   .1786230E-01   .1989080E-01   .2108341E-01   .2156861E-01
   .2149691E-01   .2100347E-01   .2018695E-01   .1911043E-01   .1782583E-01
   .1639511E-01   .1488518E-01   .1335516E-01   .1185123E-01   .1040589E-01
   .9038273E-02   .7758614E-02   .6576872E-02   .5502653E-02   .4540513E-02
   .3692307E-02   .2960445E-02   .2349036E-02   .1863855E-02   .1507638E-02
   .1273771E-02   .1144290E-02   .1092781E-02   .1089693E-02
