PEER NGA STRONG MOTION DATABASE RECORD
Northridge-06, 3/20/1994, Canoga Park - Topanga Can, UP
DISPLACEMENT TIME SERIES IN UNITS OF CM
NPTS=    699, DT=   .0100 SEC,  -5 POLE @     1.00000 HZ,   0 POLE @      .00000
   .0000000E+00   .1370645E-03   .7439047E-03   .2084211E-02   .4076015E-02
   .6393164E-02   .8757924E-02   .1100827E-01   .1303303E-01   .1473707E-01
   .1604280E-01   .1691012E-01   .1735436E-01   .1743146E-01   .1723113E-01
   .1687887E-01   .1645589E-01   .1591498E-01   .1512054E-01   .1394316E-01
   .1229268E-01   .1013513E-01   .7536203E-02   .4657204E-02   .1740727E-02
  -.9200245E-03  -.3134762E-02  -.4976628E-02  -.6686796E-02  -.8512300E-02
  -.1072184E-01  -.1357362E-01  -.1725019E-01  -.2177754E-01  -.2686417E-01
  -.3199874E-01  -.3677863E-01  -.4103187E-01  -.4472672E-01  -.4788306E-01
  -.5053683E-01  -.5269400E-01  -.5427732E-01  -.5515988E-01  -.5520338E-01
  -.5430546E-01  -.5255079E-01  -.5035407E-01  -.4833073E-01  -.4689311E-01
  -.4604930E-01  -.4557008E-01  -.4524489E-01  -.4500364E-01  -.4485744E-01
  -.4472390E-01  -.4428657E-01  -.4319758E-01  -.4140891E-01  -.3905154E-01
  -.3616248E-01  -.3276725E-01  -.2902747E-01  -.2515461E-01  -.2118741E-01
  -.1691987E-01  -.1211867E-01  -.6814301E-02  -.1379923E-02   .3711215E-02
   .8149984E-02   .1171736E-01   .1401183E-01   .1453362E-01   .1327454E-01
   .1100706E-01   .8591212E-02   .6350064E-02   .4398558E-02   .2916459E-02
   .1944782E-02   .1254419E-02   .4405342E-03  -.8200428E-03  -.2570034E-02
  -.4656414E-02  -.6928545E-02  -.9261485E-02  -.1148701E-01  -.1349260E-01
  -.1538612E-01  -.1745543E-01  -.1996455E-01  -.2301044E-01  -.2647955E-01
  -.2997826E-01  -.3277531E-01  -.3390734E-01  -.3274649E-01  -.2971773E-01
  -.2606846E-01  -.2298611E-01  -.2117329E-01  -.2080023E-01  -.2167215E-01
  -.2351478E-01  -.2584636E-01  -.2775323E-01  -.2825801E-01  -.2699484E-01
  -.2455718E-01  -.2205643E-01  -.2028598E-01  -.1950611E-01  -.1964719E-01
  -.2041333E-01  -.2143221E-01  -.2232732E-01  -.2268573E-01  -.2221160E-01
  -.2099172E-01  -.1955250E-01  -.1854396E-01  -.1832092E-01  -.1893395E-01
  -.2032110E-01  -.2216111E-01  -.2372214E-01  -.2430549E-01  -.2387542E-01
  -.2294482E-01  -.2185098E-01  -.2046234E-01  -.1853467E-01  -.1597689E-01
  -.1273506E-01  -.8778434E-02  -.4469201E-02  -.7451615E-03   .1484837E-02
   .2082529E-02   .1513308E-02   .1211343E-03  -.2009432E-02  -.4384999E-02
  -.6000453E-02  -.6746788E-02  -.8024393E-02  -.1066888E-01  -.1360405E-01
  -.1561398E-01  -.1653854E-01  -.1628699E-01  -.1436987E-01  -.1093199E-01
  -.7431174E-02  -.5255849E-02  -.4407653E-02  -.4351553E-02  -.4920159E-02
  -.5993687E-02  -.7272752E-02  -.8541566E-02  -.9726877E-02  -.1061131E-01
  -.1076498E-01  -.9782609E-02  -.7366100E-02  -.3337814E-02   .2117066E-02
   .8433036E-02   .1524669E-01   .2250988E-01   .2948704E-01   .3461419E-01
   .3705218E-01   .3713048E-01   .3504982E-01   .3048302E-01   .2355871E-01
   .1540400E-01   .7502197E-02   .9454207E-03  -.3719339E-02  -.6283590E-02
  -.6579887E-02  -.4401657E-02   .3602901E-04   .5525867E-02   .1049050E-01
   .1423179E-01   .1692317E-01   .1863203E-01   .1870464E-01   .1639031E-01
   .1206802E-01   .7014909E-02   .2178783E-02  -.2184509E-02  -.6097416E-02
  -.9364018E-02  -.1153741E-01  -.1217946E-01  -.1078050E-01  -.6911857E-02
  -.8798970E-03   .6193267E-02   .1322007E-01   .1968101E-01   .2501987E-01
   .2814751E-01   .2832328E-01   .2601277E-01   .2209972E-01   .1696358E-01
   .1123623E-01   .6572686E-02   .4207531E-02   .3546075E-02   .3316541E-02
   .2887755E-02   .1883386E-02  -.2411028E-03  -.3764450E-02  -.8200676E-02
  -.1252996E-01  -.1600276E-01  -.1836529E-01  -.1923712E-01  -.1756306E-01
  -.1194287E-01  -.1774665E-02   .1185670E-01   .2653051E-01   .3956837E-01
   .4832589E-01   .5012299E-01   .4356326E-01   .3022971E-01   .1432600E-01
   .2180110E-03  -.9671614E-02  -.1451920E-01  -.1386274E-01  -.8213610E-02
  -.2831632E-03   .6580323E-02   .1106678E-01   .1357762E-01   .1449365E-01
   .1385651E-01   .1189801E-01   .9438573E-02   .7626341E-02   .7119803E-02
   .7764944E-02   .8938808E-02   .1002498E-01   .1097581E-01   .1248579E-01
   .1496943E-01   .1734257E-01   .1785947E-01   .1631849E-01   .1441632E-01
   .1373621E-01   .1443521E-01   .1601673E-01   .1827605E-01   .2115946E-01
   .2412448E-01   .2621060E-01   .2717334E-01   .2809202E-01   .3039039E-01
   .3477362E-01   .4122657E-01   .4916820E-01   .5727341E-01   .6386796E-01
   .6769066E-01   .6775741E-01   .6304301E-01   .5322263E-01   .3947991E-01
   .2387011E-01   .8263312E-02  -.5391537E-02  -.1498583E-01  -.1975013E-01
  -.2128672E-01  -.2221928E-01  -.2401701E-01  -.2650201E-01  -.2860202E-01
  -.2923051E-01  -.2789303E-01  -.2467307E-01  -.2027314E-01  -.1602444E-01
  -.1323880E-01  -.1282550E-01  -.1538684E-01  -.2082189E-01  -.2783319E-01
  -.3427584E-01  -.3808543E-01  -.3812948E-01  -.3458475E-01  -.2878177E-01
  -.2252884E-01  -.1709410E-01  -.1292872E-01  -.1019472E-01  -.8871698E-02
  -.8018806E-02  -.5338705E-02   .1500013E-02   .1346207E-01   .3015592E-01
   .4961835E-01   .6824033E-01   .8202032E-01   .8818413E-01   .8577775E-01
   .7517906E-01   .5839332E-01   .3972549E-01   .2431168E-01   .1543551E-01
   .1373275E-01   .1817922E-01   .2650725E-01   .3533254E-01   .4117497E-01
   .4177711E-01   .3655205E-01   .2604493E-01   .1168068E-01  -.4021969E-02
  -.1776791E-01  -.2649126E-01  -.2834935E-01  -.2311538E-01  -.1243528E-01
   .2349775E-03   .1070335E-01   .1537811E-01   .1230560E-01   .1829713E-02
  -.1356290E-01  -.3032173E-01  -.4527906E-01  -.5660851E-01  -.6366223E-01
  -.6631678E-01  -.6511585E-01  -.6204499E-01  -.6001157E-01  -.6097406E-01
  -.6529992E-01  -.7218271E-01  -.7941632E-01  -.8363971E-01  -.8205455E-01
  -.7369693E-01  -.5924668E-01  -.4090729E-01  -.2219925E-01  -.6489703E-02
   .4354689E-02   .1017378E-01   .1237219E-01   .1294181E-01   .1312008E-01
   .1345528E-01   .1436017E-01   .1602575E-01   .1831626E-01   .2088689E-01
   .2336687E-01   .2572721E-01   .2847084E-01   .3211101E-01   .3676804E-01
   .4240104E-01   .4902311E-01   .5655908E-01   .6421891E-01   .7032808E-01
   .7346650E-01   .7331223E-01   .7012078E-01   .6380790E-01   .5392278E-01
   .4078762E-01   .2616582E-01   .1223109E-01   .1678255E-03  -.9849381E-02
  -.1801869E-01  -.2499715E-01  -.3218457E-01  -.4110172E-01  -.5242196E-01
  -.6591000E-01  -.8086275E-01  -.9631499E-01  -.1107425E+00  -.1216300E+00
  -.1264156E+00  -.1239370E+00  -.1147841E+00  -.1011012E+00  -.8558982E-01
  -.7047522E-01  -.5735716E-01  -.4711749E-01  -.3980361E-01  -.3456171E-01
  -.2967434E-01  -.2321062E-01  -.1397256E-01  -.1686804E-02   .1333957E-01
   .3001145E-01   .4626328E-01   .6010598E-01   .7079615E-01   .7870187E-01
   .8459846E-01   .8925020E-01   .9326099E-01   .9711144E-01   .1011030E+00
   .1050277E+00   .1080590E+00   .1093206E+00   .1084418E+00   .1053869E+00
   .1001557E+00   .9288765E-01   .8407717E-01   .7441561E-01   .6433086E-01
   .5390437E-01   .4320139E-01   .3237176E-01   .2137950E-01   .9833323E-02
  -.2784297E-02  -.1670342E-01  -.3164744E-01  -.4693095E-01  -.6159762E-01
  -.7459233E-01  -.8512142E-01  -.9290085E-01  -.9816562E-01  -.1016186E+00
  -.1042213E+00  -.1067872E+00  -.1098045E+00  -.1134543E+00  -.1174102E+00
  -.1207613E+00  -.1225176E+00  -.1221244E+00  -.1193842E+00  -.1142467E+00
  -.1069409E+00  -.9814630E-01  -.8870698E-01  -.7916447E-01  -.6971828E-01
  -.6046040E-01  -.5145895E-01  -.4268452E-01  -.3395977E-01  -.2506211E-01
  -.1594981E-01  -.6920787E-02   .1353542E-02   .7940197E-02   .1200558E-01
   .1317007E-01   .1163062E-01   .8222363E-02   .4417652E-02   .1991107E-02
   .2424968E-02   .6579737E-02   .1464852E-01   .2581983E-01   .3803973E-01
   .4895275E-01   .5711090E-01   .6210184E-01   .6422692E-01   .6424999E-01
   .6303478E-01   .6123788E-01   .5926516E-01   .5729308E-01   .5521772E-01
   .5277273E-01   .4972825E-01   .4593881E-01   .4133354E-01   .3589630E-01
   .2966668E-01   .2283470E-01   .1587183E-01   .9468772E-02   .4218625E-02
   .3153624E-03  -.2488379E-02  -.4663259E-02  -.6648497E-02  -.8696825E-02
  -.1077646E-01  -.1260494E-01  -.1377530E-01  -.1382764E-01  -.1234490E-01
  -.9188267E-02  -.4749869E-02   .8316562E-04   .4405035E-02   .7828088E-02
   .1052581E-01   .1298769E-01   .1584533E-01   .1969825E-01   .2488685E-01
   .3126144E-01   .3813426E-01   .4453741E-01   .4964955E-01   .5303455E-01
   .5461284E-01   .5469040E-01   .5393748E-01   .5303687E-01   .5229739E-01
   .5158519E-01   .5047294E-01   .4837256E-01   .4469442E-01   .3905439E-01
   .3137116E-01   .2184246E-01   .1091697E-01  -.7921511E-03  -.1275891E-01
  -.2470671E-01  -.3655798E-01  -.4830505E-01  -.5985186E-01  -.7103319E-01
  -.8174171E-01  -.9185398E-01  -.1010721E+00  -.1089804E+00  -.1153081E+00
  -.1200538E+00  -.1233446E+00  -.1252411E+00  -.1256716E+00  -.1245464E+00
  -.1218676E+00  -.1177251E+00  -.1123100E+00  -.1059011E+00  -.9874809E-01
  -.9095701E-01  -.8251519E-01  -.7333213E-01  -.6315371E-01  -.5161158E-01
  -.3843896E-01  -.2356188E-01  -.7133133E-02   .1039725E-01   .2832244E-01
   .4583011E-01   .6222541E-01   .7714625E-01   .9055106E-01   .1025763E+00
   .1134348E+00   .1232987E+00   .1321242E+00   .1393627E+00   .1439176E+00
   .1447127E+00   .1412678E+00   .1338410E+00   .1234549E+00   .1115976E+00
   .9967042E-01   .8882541E-01   .7992959E-01   .7339056E-01   .6907528E-01
   .6616201E-01   .6309953E-01   .5831677E-01   .5105254E-01   .4128104E-01
   .2928491E-01   .1551344E-01   .7313211E-03  -.1375902E-01  -.2655374E-01
  -.3687172E-01  -.4452831E-01  -.4960975E-01  -.5248381E-01  -.5383836E-01
  -.5443063E-01  -.5469997E-01  -.5459228E-01  -.5366965E-01  -.5134693E-01
  -.4719917E-01  -.4110884E-01  -.3317599E-01  -.2378806E-01  -.1390439E-01
  -.4837750E-02   .2567331E-02   .8228486E-02   .1244161E-01   .1562352E-01
   .1823887E-01   .2067871E-01   .2313869E-01   .2561441E-01   .2793443E-01
   .2971753E-01   .3043480E-01   .2969817E-01   .2754039E-01   .2444428E-01
   .2108140E-01   .1799359E-01   .1552022E-01   .1387795E-01   .1317612E-01
   .1341022E-01   .1449791E-01   .1629988E-01   .1853416E-01   .2076741E-01
   .2261602E-01   .2387860E-01   .2452190E-01   .2461412E-01   .2428201E-01
   .2368748E-01   .2293558E-01   .2203306E-01   .2094722E-01   .1965373E-01
   .1816031E-01   .1650361E-01   .1472833E-01   .1288406E-01   .1101913E-01
   .9172867E-02   .7371781E-02   .5626678E-02   .3941374E-02   .2331128E-02
   .8376742E-03  -.4814370E-03  -.1586378E-02  -.2464418E-02  -.3120633E-02
  -.3575749E-02  -.3857719E-02  -.4001293E-02  -.4044267E-02  -.4003474E-02
  -.3874387E-02  -.3654698E-02  -.3354243E-02  -.2991643E-02  -.2586879E-02
  -.2159807E-02  -.1734530E-02  -.1338670E-02  -.9967533E-03  -.7236172E-03
  -.5229925E-03  -.3906642E-03  -.3187914E-03  -.2988942E-03
