PEER NGA STRONG MOTION DATABASE RECORD
Northridge-06, 3/20/1994, Canoga Park - Topanga Can, 106
ACCELERATION TIME SERIES IN UNITS OF G
NPTS=    699, DT=   .0100 SEC,  -5 POLE @     1.00000 HZ,   0 POLE @      .00000
  -.1431332E-03  -.7131489E-04   .7063759E-04  -.1541986E-03  -.1737526E-03
   .1793625E-03  -.3200716E-03  -.5579886E-03   .1284253E-03   .1154726E-03
   .1293365E-03  -.9611016E-04  -.1477036E-03  -.6098775E-03  -.6309211E-03
  -.7315902E-03  -.9593177E-03  -.8961864E-03  -.9514223E-03  -.7992215E-03
  -.1903009E-03   .8389819E-03   .1034193E-02   .8160735E-03   .7936209E-03
   .1156380E-02   .1276476E-02   .8978540E-03   .2280751E-03   .2452441E-03
   .2428489E-03   .3436766E-03   .7152297E-03   .1149458E-02   .1359322E-02
   .1897244E-02   .1140559E-02   .2315844E-03   .1336995E-03  -.1333368E-02
  -.1919716E-02  -.1779955E-02  -.1651374E-02  -.8795701E-03  -.4260171E-03
   .2677099E-03   .3578064E-03   .3009389E-03   .3823750E-03   .3833121E-03
   .3763691E-03   .5999014E-03   .1081057E-02   .1435033E-02   .1539575E-02
   .5760275E-03  -.4119845E-03  -.5258980E-03  -.4528872E-03  -.5131602E-03
   .1836421E-03   .1427922E-02   .7115202E-03  -.3372567E-03  -.9443950E-03
  -.2086793E-02  -.2274461E-02  -.2580794E-02  -.1221467E-02  -.4139377E-03
   .8882701E-03   .1683815E-02   .1586848E-02  -.4254593E-05  -.1747890E-03
   .7676538E-03   .8066549E-03   .5251876E-03   .4176676E-03  -.5178481E-04
  -.8534926E-03  -.2443615E-02  -.4192749E-02  -.4127805E-02  -.2861943E-02
  -.2115943E-02  -.1092347E-04   .1917110E-02   .3552339E-02   .2818751E-02
   .1463805E-02   .1257886E-02   .1793666E-02   .2406797E-02   .2806469E-02
   .2837724E-02   .2843343E-02   .2595690E-02   .1458111E-02  -.5745659E-04
  -.1249215E-02  -.1273917E-02  -.1557214E-02  -.1699936E-02  -.1660797E-02
  -.3276678E-02  -.3630577E-02  -.3553653E-02  -.3835056E-02  -.4434301E-02
  -.4750914E-02  -.4681001E-02  -.4150510E-02  -.2251441E-02   .1673579E-02
   .5685098E-02   .7727697E-02   .6033057E-02   .4414309E-02   .3131863E-02
   .2818811E-02   .1979465E-02  -.2297381E-04  -.2949209E-02  -.4881860E-02
  -.5411797E-02  -.4993129E-02  -.1824807E-02   .3242181E-02   .6327767E-02
   .6034949E-02   .4596536E-03  -.5695434E-02  -.6104329E-02  -.2743163E-02
   .4461298E-02   .9532474E-02   .8737108E-02   .3698755E-02  -.1188793E-02
  -.3988751E-02  -.3091980E-02  -.9100620E-04   .3236227E-02   .3609932E-02
   .5455689E-03  -.3433243E-02  -.4763346E-02  -.4023009E-02  -.3334075E-02
  -.4462911E-02  -.5548864E-02  -.5014160E-02  -.1772984E-02   .6436531E-03
   .9784103E-03   .7568704E-03  -.1207693E-02  -.1652899E-02   .2252701E-02
   .8258313E-02   .1053218E-01   .8503422E-02   .3175272E-02  -.2602947E-02
  -.6090240E-02  -.6902410E-02  -.4282171E-02   .1976117E-02   .6745919E-02
   .5721078E-02   .2120322E-03  -.4126093E-02  -.4606084E-02  -.4458948E-02
  -.1925474E-02   .2216475E-02   .5014933E-02   .4662041E-02   .2496188E-02
   .8767248E-03  -.1889731E-03  -.6101389E-03  -.4484176E-03   .1688362E-02
   .4286549E-02   .5615547E-02   .5405117E-02   .2417379E-02  -.3170974E-02
  -.7055658E-02  -.5979983E-02  -.2594187E-02   .1447617E-02   .4510763E-02
   .7177505E-02   .7954941E-02   .5974742E-02   .3464841E-02  -.1682877E-02
  -.1083176E-01  -.1948803E-01  -.2115528E-01  -.1554523E-01  -.7558411E-02
  -.2170380E-02   .1280475E-03   .2384608E-02   .7180703E-02   .1046428E-01
   .1226447E-01   .1027719E-01   .5307598E-02   .9049312E-03  -.6851077E-03
   .8896615E-04   .2273444E-02   .2851638E-02   .1852899E-02  -.1539576E-03
  -.3335129E-02  -.6524762E-02  -.6020183E-02  -.5992595E-03   .4727341E-02
   .7092495E-02   .5256240E-02   .1499288E-02  -.8623646E-03  -.2880180E-02
  -.7323725E-02  -.1195317E-01  -.1416977E-01  -.1287019E-01  -.1046223E-01
  -.7260537E-02  -.2055599E-02   .6641905E-02   .1557598E-01   .2074384E-01
   .2067281E-01   .1332217E-01  -.1684350E-04  -.1498744E-01  -.2176337E-01
  -.2180274E-01  -.1765099E-01  -.9537107E-02  -.1101087E-02   .3758864E-02
   .4521980E-02   .4304283E-02   .3984630E-02   .3055073E-02   .2851332E-02
  -.3241189E-03  -.1053785E-01  -.2067482E-01  -.1925365E-01  -.4007370E-02
   .1390463E-01   .2401432E-01   .2829657E-01   .2859806E-01   .2268815E-01
   .1506125E-01   .1135638E-01   .1143561E-01   .1249616E-01   .1232592E-01
   .1235673E-01   .1243923E-01   .1377774E-01   .1451047E-01   .1638502E-01
   .1893548E-01   .2013760E-01   .1821086E-01   .6141703E-02  -.2282960E-01
  -.5205293E-01  -.6503285E-01  -.6881645E-01  -.6778997E-01  -.6251487E-01
  -.5096215E-01  -.3178408E-01  -.3842453E-02   .1631335E-01   .2138264E-01
   .2089192E-01   .2082747E-01   .2276380E-01   .2553571E-01   .2907565E-01
   .3079211E-01   .3352223E-01   .3664309E-01   .3963905E-01   .4033446E-01
   .3474370E-01   .1757715E-01  -.8980284E-02  -.2975268E-01  -.3632914E-01
  -.2765199E-01  -.1169342E-01  -.3442563E-02  -.4484097E-02  -.7620157E-02
  -.8707459E-02  -.8287452E-02  -.9356329E-02  -.1488677E-01  -.2321145E-01
  -.2981916E-01  -.3325543E-01  -.3383545E-01  -.3240106E-01  -.3057651E-01
  -.2858719E-01  -.2339080E-01  -.1275727E-01   .3184797E-02   .2117317E-01
   .3912950E-01   .4972108E-01   .5486708E-01   .4755320E-01   .3678382E-01
   .2734573E-01   .2272882E-01   .2083183E-01   .1985124E-01   .1774600E-01
   .1407176E-01   .5046481E-02  -.8540094E-02  -.1927069E-01  -.2444872E-01
  -.2435026E-01  -.2289750E-01  -.2321214E-01  -.2597447E-01  -.3064045E-01
  -.3159244E-01  -.2893241E-01  -.2420386E-01  -.1701626E-01  -.6481558E-02
   .6230181E-02   .1694390E-01   .2493458E-01   .3119947E-01   .3659994E-01
   .4137625E-01   .4324619E-01   .4025437E-01   .3257763E-01   .1582726E-01
  -.6827572E-02  -.1893715E-01  -.2234396E-01  -.2055926E-01  -.1832074E-01
  -.1808066E-01  -.2776118E-01  -.3871946E-01  -.4481160E-01  -.3749275E-01
  -.2406468E-01  -.1045400E-01  -.4793203E-02  -.4212314E-02  -.2838959E-03
   .6828708E-02   .1487473E-01   .2278829E-01   .2746040E-01   .2974294E-01
   .2979581E-01   .2924242E-01   .3046490E-01   .3458126E-01   .4031011E-01
   .4530287E-01   .4722960E-01   .4645209E-01   .4363289E-01   .3676349E-01
   .2769979E-01   .1276833E-01  -.7574317E-02  -.2829287E-01  -.3864027E-01
  -.4147629E-01  -.4211791E-01  -.4006433E-01  -.3720325E-01  -.3416190E-01
  -.3660000E-01  -.4752536E-01  -.6011292E-01  -.6347809E-01  -.5690643E-01
  -.3877139E-01  -.1941882E-01  -.7898885E-02  -.1396523E-02   .3511502E-02
   .7582993E-02   .1131852E-01   .1496143E-01   .1951880E-01   .2551467E-01
   .3372143E-01   .4018166E-01   .4521068E-01   .4416995E-01   .3700853E-01
   .8859987E-02  -.2775482E-01  -.6049888E-01  -.9362630E-01  -.1175011E+00
  -.1205764E+00  -.1092855E+00  -.5048465E-01   .2771868E-01   .9614707E-01
   .1244448E+00   .1240590E+00   .1085437E+00   .7545683E-01   .4293143E-01
   .2546387E-01   .2214205E-01   .2466337E-01   .2801751E-01   .2314098E-01
   .2285547E-02  -.2197911E-01  -.2550407E-01  -.1214405E-01   .6408485E-02
   .1121750E-01   .1053878E-01   .6737397E-02   .1714435E-03  -.1543577E-01
  -.3503319E-01  -.4304854E-01  -.4107535E-01  -.3054301E-01  -.7135208E-02
   .1178343E-01   .1609526E-01   .9272458E-02  -.5669063E-02  -.1802840E-01
  -.2562175E-01  -.3307198E-01  -.3369289E-01  -.2402909E-01   .6704251E-03
   .1819798E-01   .2377528E-01   .2696446E-01   .2813006E-01   .2745103E-01
   .2538201E-01   .2117074E-01   .1342179E-01   .2321899E-02  -.1764412E-01
  -.3450784E-01  -.4140887E-01  -.4272258E-01  -.3914866E-01  -.3022711E-01
  -.1709697E-01  -.4640382E-02   .1404192E-01   .3771233E-01   .4822562E-01
   .4725212E-01   .3399081E-01   .1657486E-01   .7449995E-02   .1413515E-02
  -.4207054E-02  -.8344259E-02  -.8711209E-02  -.6379472E-02   .3281415E-02
   .1851222E-01   .2837425E-01   .2788207E-01   .1396110E-01  -.2175585E-01
  -.5168582E-01  -.6061993E-01  -.5914480E-01  -.4549454E-01  -.2007444E-01
  -.7179440E-02  -.6255474E-02  -.1024068E-01  -.1567735E-01  -.2004513E-01
  -.2019208E-01  -.1019584E-01   .9138662E-02   .2186942E-01   .2512653E-01
   .2643576E-01   .2586347E-01   .2515479E-01   .2651063E-01   .3074206E-01
   .3484662E-01   .3493406E-01   .2924807E-01   .1488614E-01   .3866193E-02
   .8228339E-03  -.1298327E-03   .5553418E-03   .1955651E-02   .2123276E-02
  -.2345699E-02  -.1117785E-01  -.2000478E-01  -.2375366E-01  -.2329504E-01
  -.1961795E-01  -.1233145E-01  -.4749363E-03   .9271968E-02   .1484720E-01
   .1792381E-01   .2052979E-01   .2298756E-01   .2510383E-01   .2591309E-01
   .2426864E-01   .1982644E-01   .8972371E-02  -.3393159E-02  -.1696110E-01
  -.3076100E-01  -.4516090E-01  -.5568706E-01  -.6076197E-01  -.6136007E-01
  -.5627272E-01  -.3854252E-01  -.8051436E-02   .2546773E-01   .4376442E-01
   .5033056E-01   .5504436E-01   .5886734E-01   .5742720E-01   .4897235E-01
   .2211386E-01  -.7907957E-02  -.1868779E-01  -.2124366E-01  -.2110837E-01
  -.1968314E-01  -.1879755E-01  -.1979061E-01  -.2220398E-01  -.2684452E-01
  -.3294699E-01  -.4455071E-01  -.5794216E-01  -.6520280E-01  -.6681361E-01
  -.6728988E-01  -.6143246E-01  -.4504038E-01  -.2017598E-01   .6855384E-03
   .1773927E-01   .3101568E-01   .4199227E-01   .5102091E-01   .6195379E-01
   .7409291E-01   .9213347E-01   .1050915E+00   .1082936E+00   .1068995E+00
   .9855147E-01   .7964016E-01   .5792366E-01   .3027639E-01   .2544313E-02
  -.1942633E-01  -.3502835E-01  -.4742702E-01  -.5485824E-01  -.5907406E-01
  -.6140545E-01  -.6152316E-01  -.6129727E-01  -.5802401E-01  -.5069354E-01
  -.3714972E-01  -.2500107E-01  -.1820315E-01  -.1477842E-01  -.1187176E-01
  -.8112573E-02  -.1816413E-02   .6558065E-02   .1462547E-01   .2020684E-01
   .2298484E-01   .2494326E-01   .2531336E-01   .2467281E-01   .2191502E-01
   .1415298E-01   .2061167E-02  -.5496611E-02  -.9202254E-02  -.1061992E-01
  -.1203491E-01  -.1327662E-01  -.1555219E-01  -.1845698E-01  -.1920852E-01
  -.1814481E-01  -.1567544E-01  -.1259045E-01  -.9789679E-02  -.7334407E-02
  -.4879482E-02  -.3283267E-02  -.1237720E-02   .3869316E-02   .1035655E-01
   .1624221E-01   .2075837E-01   .2374025E-01   .2351915E-01   .2212460E-01
   .2056370E-01   .1926353E-01   .1906445E-01   .1877415E-01   .1672296E-01
   .1280032E-01   .8326747E-02   .3717565E-02  -.5258148E-03  -.2858540E-02
  -.3365862E-02  -.3232173E-02  -.2813577E-02  -.3259258E-02  -.4759598E-02
  -.6564602E-02  -.8146882E-02  -.9433186E-02  -.9706768E-02  -.9756685E-02
  -.9608447E-02  -.9451479E-02  -.8684348E-02  -.7280630E-02  -.5613544E-02
  -.4211465E-02  -.3168173E-02  -.2632749E-02  -.2173427E-02  -.1508563E-02
  -.7706813E-03  -.1816261E-03   .3143323E-03   .6175807E-03   .8404983E-03
   .8723251E-03   .1003054E-02   .1116134E-02   .1151162E-02   .1153823E-02
   .1189240E-02   .1213963E-02   .1296788E-02   .1341997E-02   .1280395E-02
   .1088489E-02   .8011788E-03   .4900032E-03   .1942215E-03
