PEER NGA STRONG MOTION DATABASE RECORD
Northridge-01, 1/17/1994, Arleta - Nordhoff Fire Sta, 360
VELOCITY TIME SERIES IN UNITS OF CM/S
NPTS=   2000, DT=   .0200 SEC                                              
   .0000000E+00   .4597089E-01   .1161390E+00   .1819135E+00   .2246448E+00
   .2641875E+00   .3054044E+00   .3401471E+00   .3614070E+00   .4120713E+00
   .4813411E+00   .5477162E+00   .6038283E+00   .6792228E+00   .7733419E+00
   .8465136E+00   .8748974E+00   .8719471E+00   .8975015E+00   .9195992E+00
   .9253912E+00   .8776754E+00   .8936169E+00   .9749481E+00   .1023990E+01
   .9830097E+00   .9169051E+00   .9378412E+00   .9143655E+00   .7975248E+00
   .6421972E+00   .7517583E+00   .7978538E+00   .6308195E+00   .6031260E+00
   .6902929E+00   .7732789E+00   .7139509E+00   .7618283E+00   .8122017E+00
   .7530407E+00   .7586263E+00   .7611532E+00   .7886063E+00   .7343359E+00
   .6891938E+00   .7787157E+00   .8426861E+00   .9123501E+00   .9775586E+00
   .1019941E+01   .1010457E+01   .1104825E+01   .1224018E+01   .1171276E+01
   .1228232E+01   .1375756E+01   .1363752E+01   .1145207E+01   .1069261E+01
   .1084289E+01   .9874124E+00   .8735721E+00   .8517122E+00   .1090813E+01
   .1193302E+01   .9492589E+00   .5683576E+00   .2663437E+00   .1452301E+00
   .1626193E-02  -.3105224E+00  -.5454071E+00  -.4997839E+00  -.3885048E+00
  -.4209111E+00  -.5685882E+00  -.6602056E+00  -.7768805E+00  -.1085510E+01
  -.1330164E+01  -.1424591E+01  -.1515017E+01  -.1550284E+01  -.1593237E+01
  -.1586378E+01  -.1335806E+01  -.1242761E+01  -.1480792E+01  -.1517669E+01
  -.1291514E+01  -.1095707E+01  -.1011536E+01  -.9682608E+00  -.9843231E+00
  -.1109347E+01  -.1400786E+01  -.1658068E+01  -.1781381E+01  -.1871223E+01
  -.1853955E+01  -.1737367E+01  -.1625939E+01  -.1771128E+01  -.2132476E+01
  -.2361406E+01  -.2226929E+01  -.2324780E+01  -.2769201E+01  -.3004849E+01
  -.3001589E+01  -.2849670E+01  -.2489534E+01  -.1736290E+01  -.1132025E+01
  -.9697718E+00  -.9313527E+00  -.9326976E+00  -.9481525E+00  -.1238365E+01
  -.1578859E+01  -.1397640E+01  -.1212024E+01  -.1447687E+01  -.2119749E+01
  -.2791931E+01  -.3147607E+01  -.3298038E+01  -.3146682E+01  -.3240319E+01
  -.3732403E+01  -.4340553E+01  -.4982409E+01  -.5785923E+01  -.6639122E+01
  -.7283807E+01  -.7690713E+01  -.8125408E+01  -.8845640E+01  -.9555995E+01
  -.9933957E+01  -.9597902E+01  -.9096709E+01  -.8828152E+01  -.8553544E+01
  -.8593877E+01  -.9004139E+01  -.9402944E+01  -.9072094E+01  -.8338654E+01
  -.7849763E+01  -.7601010E+01  -.7564601E+01  -.7306608E+01  -.6742059E+01
  -.5923621E+01  -.5051323E+01  -.4873118E+01  -.5799279E+01  -.7290666E+01
  -.8193372E+01  -.7831040E+01  -.6653970E+01  -.5192890E+01  -.4017830E+01
  -.4185976E+01  -.5755694E+01  -.7794831E+01  -.9334399E+01  -.9415021E+01
  -.7834014E+01  -.5908823E+01  -.5019208E+01  -.5209134E+01  -.5586170E+01
  -.5508247E+01  -.5125709E+01  -.4572050E+01  -.3528096E+01  -.2232129E+01
  -.1180716E+01  -.3601333E+00   .1203580E+00   .4367178E+00   .8902800E+00
   .7862689E+00  -.8458609E+00  -.3832390E+01  -.7320404E+01  -.9315113E+01
  -.8812005E+01  -.7495386E+01  -.6260402E+01  -.4979899E+01  -.3495769E+01
  -.1390745E+01   .3277426E+00   .1191452E+00  -.1001795E+01  -.1842456E+01
  -.2506879E+01  -.2072772E+01   .1943475E+00   .3104038E+01   .5003520E+01
   .6037188E+01   .7605038E+01   .9398466E+01   .9857492E+01   .9571411E+01
   .9742855E+01   .9707853E+01   .8667187E+01   .7244467E+01   .5976691E+01
   .4484528E+01   .2543686E+01   .8865640E+00   .1400371E+01   .4276109E+01
   .7672296E+01   .1057029E+02   .1339512E+02   .1652181E+02   .1909307E+02
   .2001892E+02   .1977726E+02   .1969941E+02   .1977646E+02   .1971604E+02
   .2003073E+02   .2028702E+02   .1953018E+02   .1765567E+02   .1510524E+02
   .1264889E+02   .9872349E+01   .5956548E+01   .1669318E+01  -.1293666E+01
  -.2264550E+01  -.1929087E+01  -.7822923E+00   .4535553E+00   .5202081E+00
  -.1057816E+01  -.3480809E+01  -.5884866E+01  -.7928066E+01  -.9621203E+01
  -.1055228E+02  -.1001730E+02  -.7910235E+01  -.4268807E+01   .5800609E+00
   .6242107E+01   .1150244E+02   .1508419E+02   .1759016E+02   .1985664E+02
   .2180878E+02   .2298204E+02   .2275261E+02   .2105629E+02   .1952731E+02
   .1952480E+02   .2033753E+02   .2118625E+02   .2208985E+02   .2269750E+02
   .2228968E+02   .2043820E+02   .1762209E+02   .1540975E+02   .1434053E+02
   .1368203E+02   .1303810E+02   .1225955E+02   .1095361E+02   .9014343E+01
   .6494698E+01   .3304816E+01  -.3502691E+00  -.3947910E+01  -.6126417E+01
  -.6196023E+01  -.4843614E+01  -.2234038E+01   .1571339E+01   .5739166E+01
   .9454423E+01   .1235170E+02   .1421835E+02   .1506237E+02   .1523878E+02
   .1455425E+02   .1245381E+02   .9069126E+01   .5508400E+01   .2975780E+01
   .1323859E+01  -.4651144E+00  -.2807156E+01  -.4783305E+01  -.5949630E+01
  -.7315835E+01  -.9602446E+01  -.1264533E+02  -.1634581E+02  -.2042572E+02
  -.2269654E+02  -.2207422E+02  -.2023111E+02  -.1818617E+02  -.1614828E+02
  -.1440912E+02  -.1294525E+02  -.1151399E+02  -.1024661E+02  -.9739432E+01
  -.1047003E+02  -.1191571E+02  -.1282892E+02  -.1349610E+02  -.1457119E+02
  -.1534855E+02  -.1598848E+02  -.1643248E+02  -.1560839E+02  -.1333911E+02
  -.1028664E+02  -.7341839E+01  -.5017956E+01  -.3653320E+01  -.3102875E+01
  -.2920142E+01  -.3033424E+01  -.3304564E+01  -.3457652E+01  -.3582219E+01
  -.3686344E+01  -.3724263E+01  -.3831170E+01  -.3577169E+01  -.3292244E+01
  -.3523407E+01  -.3947382E+01  -.4374628E+01  -.5197267E+01  -.6893372E+01
  -.9658576E+01  -.1286026E+02  -.1503334E+02  -.1573067E+02  -.1504032E+02
  -.1329629E+02  -.1113606E+02  -.8873030E+01  -.6775948E+01  -.4973277E+01
  -.3740018E+01  -.3118145E+01  -.2650389E+01  -.1494176E+01   .1082554E+01
   .4737114E+01   .8805099E+01   .1246131E+02   .1490547E+02   .1628917E+02
   .1646432E+02   .1510238E+02   .1276742E+02   .1007735E+02   .7450200E+01
   .4905377E+01   .2625704E+01   .2222910E+01   .4470948E+01   .7575042E+01
   .9754635E+01   .1098164E+02   .1189840E+02   .1236072E+02   .1154442E+02
   .1012918E+02   .9756511E+01   .1039742E+02   .1093609E+02   .1070996E+02
   .1032380E+02   .1066772E+02   .1189787E+02   .1309127E+02   .1299070E+02
   .1225917E+02   .1234281E+02   .1299160E+02   .1299382E+02   .1219615E+02
   .1107487E+02   .1004033E+02   .9544311E+01   .8981980E+01   .7640885E+01
   .6718137E+01   .7051797E+01   .7028720E+01   .5595788E+01   .3478793E+01
   .1173196E+01  -.8594092E+00  -.1369086E+01  -.1524129E+00   .1282305E+01
   .2211508E+01   .2590091E+01   .1815477E+01   .2840329E-01  -.1889475E+01
  -.3290026E+01  -.3836623E+01  -.3544018E+01  -.2375096E+01  -.4130868E+00
   .1657835E+01   .3257684E+01   .4183409E+01   .4118114E+01   .3380786E+01
   .2753580E+01   .2075747E+01   .6969269E+00  -.1533348E+01  -.4245826E+01
  -.6742380E+01  -.8436367E+01  -.9493985E+01  -.1031922E+02  -.1094692E+02
  -.1146613E+02  -.1188687E+02  -.1183497E+02  -.1102149E+02  -.1023823E+02
  -.1039027E+02  -.1101587E+02  -.1140184E+02  -.1145285E+02  -.1181922E+02
  -.1295386E+02  -.1441195E+02  -.1518587E+02  -.1466475E+02  -.1391966E+02
  -.1426135E+02  -.1542294E+02  -.1626598E+02  -.1628384E+02  -.1576394E+02
  -.1495351E+02  -.1368037E+02  -.1243883E+02  -.1240306E+02  -.1340087E+02
  -.1409333E+02  -.1383622E+02  -.1267025E+02  -.1077392E+02  -.8325197E+01
  -.5278653E+01  -.1805536E+01   .1406898E+01   .3658291E+01   .4726940E+01
   .4645968E+01   .3830680E+01   .2700103E+01   .1113801E+01  -.8894425E+00
  -.2397657E+01  -.2393129E+01  -.1092985E+01   .6412809E+00   .2510886E+01
   .4651756E+01   .6770988E+01   .8038289E+01   .7777747E+01   .5948395E+01
   .3347293E+01   .1206873E+01   .2854367E-01  -.6338063E+00  -.1000911E+01
  -.5936971E+00   .7424916E+00   .1976032E+01   .2049546E+01   .8461631E+00
  -.1168047E+01  -.3325930E+01  -.5194890E+01  -.6454831E+01  -.6821753E+01
  -.6425608E+01  -.5623198E+01  -.4628045E+01  -.3833733E+01  -.3775101E+01
  -.4564472E+01  -.5874419E+01  -.7053770E+01  -.7549216E+01  -.7409593E+01
  -.7120902E+01  -.6963776E+01  -.6811500E+01  -.6461123E+01  -.5760998E+01
  -.4721126E+01  -.3575593E+01  -.2357103E+01  -.7032957E+00   .1369566E+01
   .3237475E+01   .4394864E+01   .5016392E+01   .5674173E+01   .6625754E+01
   .7976738E+01   .9725423E+01   .1131996E+02   .1197236E+02   .1144417E+02
   .1022147E+02   .9146295E+01   .9009757E+01   .9806769E+01   .1066281E+02
   .1083979E+02   .1015635E+02   .8768176E+01   .7084326E+01   .5609746E+01
   .4922148E+01   .5343778E+01   .6538008E+01   .7633973E+01   .8028317E+01
   .8102549E+01   .8449227E+01   .9232768E+01   .1027399E+02   .1128742E+02
   .1215421E+02   .1289180E+02   .1342622E+02   .1364192E+02   .1364544E+02
   .1332888E+02   .1243421E+02   .1112319E+02   .9757841E+01   .8802896E+01
   .8708059E+01   .9321203E+01   .9788193E+01   .9454397E+01   .8634890E+01
   .7867972E+01   .7105015E+01   .5968959E+01   .4414439E+01   .3084285E+01
   .2622818E+01   .2970942E+01   .3690777E+01   .4509234E+01   .5365036E+01
   .5997513E+01   .5942046E+01   .4966628E+01   .3228636E+01   .1142366E+01
  -.9679965E+00  -.3063898E+01  -.5043907E+01  -.6566747E+01  -.7503463E+01
  -.8018653E+01  -.8298029E+01  -.8531950E+01  -.9035993E+01  -.1000009E+02
  -.1105450E+02  -.1167823E+02  -.1185506E+02  -.1186972E+02  -.1194437E+02
  -.1216406E+02  -.1243505E+02  -.1276277E+02  -.1314479E+02  -.1329611E+02
  -.1318558E+02  -.1312710E+02  -.1317036E+02  -.1314078E+02  -.1307635E+02
  -.1312657E+02  -.1326471E+02  -.1334052E+02  -.1325609E+02  -.1311878E+02
  -.1315043E+02  -.1330382E+02  -.1331238E+02  -.1315846E+02  -.1300531E+02
  -.1287159E+02  -.1255284E+02  -.1183437E+02  -.1070082E+02  -.9241441E+01
  -.7658763E+01  -.6147789E+01  -.4708239E+01  -.3325442E+01  -.2197159E+01
  -.1397629E+01  -.6828854E+00   .4524316E-01   .7026269E+00   .1238500E+01
   .1605447E+01   .1790217E+01   .1970339E+01   .2508723E+01   .3570286E+01
   .5033735E+01   .6678146E+01   .8272054E+01   .9562709E+01   .1038692E+02
   .1092708E+02   .1147947E+02   .1205030E+02   .1228705E+02   .1201646E+02
   .1144379E+02   .1069444E+02   .9865448E+01   .9221800E+01   .8911579E+01
   .8802670E+01   .8640925E+01   .8187158E+01   .7438068E+01   .6511168E+01
   .5438912E+01   .4252052E+01   .3130919E+01   .2313998E+01   .1703499E+01
   .1050304E+01   .3297800E+00  -.3761036E+00  -.1018372E+01  -.1566791E+01
  -.1834112E+01  -.1596318E+01  -.9972075E+00  -.4079098E+00  -.3610830E-01
   .9805000E-02  -.3161251E+00  -.8064560E+00  -.1248804E+01  -.1742131E+01
  -.2534524E+01  -.3632273E+01  -.4786111E+01  -.5805889E+01  -.6635548E+01
  -.7203763E+01  -.7454286E+01  -.7369676E+01  -.6864904E+01  -.5967583E+01
  -.4874164E+01  -.3726103E+01  -.2663016E+01  -.1809827E+01  -.1058713E+01
  -.1512566E+00   .1066669E+01   .2543178E+01   .4008581E+01   .5028751E+01
   .5509395E+01   .5705793E+01   .5716456E+01   .5525580E+01   .5033197E+01
   .4129592E+01   .2929278E+01   .1738100E+01   .9073760E+00   .5001521E+00
   .2728417E+00   .1545371E+00   .3077560E+00   .7727228E+00   .1360196E+01
   .1930381E+01   .2420941E+01   .2752406E+01   .2960731E+01   .3123424E+01
   .3344496E+01   .3705416E+01   .4142568E+01   .4489091E+01   .4553137E+01
   .4323092E+01   .3933263E+01   .3467557E+01   .2945567E+01   .2410018E+01
   .1892553E+01   .1297881E+01   .5376530E+00  -.3442567E+00  -.1306974E+01
  -.2371740E+01  -.3515964E+01  -.4705441E+01  -.5885246E+01  -.6849356E+01
  -.7387718E+01  -.7549518E+01  -.7550688E+01  -.7560039E+01  -.7589881E+01
  -.7515101E+01  -.7312966E+01  -.7151545E+01  -.7198076E+01  -.7441988E+01
  -.7822345E+01  -.8321145E+01  -.8833206E+01  -.9161046E+01  -.9185013E+01
  -.8894335E+01  -.8301333E+01  -.7520942E+01  -.6744321E+01  -.6140718E+01
  -.5705955E+01  -.5283723E+01  -.4729658E+01  -.3949838E+01  -.3034993E+01
  -.2174146E+01  -.1466775E+01  -.8959806E+00  -.4009350E+00   .4665463E-01
   .4752112E+00   .8976662E+00   .1333352E+01   .1809230E+01   .2238783E+01
   .2483564E+01   .2513351E+01   .2423652E+01   .2387599E+01   .2526173E+01
   .2846246E+01   .3278350E+01   .3659526E+01   .3832038E+01   .3765992E+01
   .3477220E+01   .2978184E+01   .2308676E+01   .1585101E+01   .9961490E+00
   .5648923E+00   .1324235E+00  -.3632343E+00  -.8014578E+00  -.1060734E+01
  -.1169685E+01  -.1227373E+01  -.1232948E+01  -.1094138E+01  -.8367284E+00
  -.6198152E+00  -.4976548E+00  -.3516241E+00  -.1226868E+00   .1470424E+00
   .4646045E+00   .8762344E+00   .1388013E+01   .1959515E+01   .2454926E+01
   .2755483E+01   .2890060E+01   .2914091E+01   .2822967E+01   .2599115E+01
   .2365540E+01   .2216361E+01   .2122105E+01   .2052569E+01   .1999512E+01
   .2001388E+01   .2073199E+01   .2162789E+01   .2181398E+01   .2102043E+01
   .1961498E+01   .1854924E+01   .1864820E+01   .1970913E+01   .2136899E+01
   .2311804E+01   .2348850E+01   .2106532E+01   .1576649E+01   .8105773E+00
  -.1198859E+00  -.1117040E+01  -.2033828E+01  -.2781281E+01  -.3380271E+01
  -.3827327E+01  -.4110009E+01  -.4226336E+01  -.4167146E+01  -.3941062E+01
  -.3583897E+01  -.3153447E+01  -.2688767E+01  -.2195947E+01  -.1732493E+01
  -.1403988E+01  -.1223893E+01  -.1155463E+01  -.1228102E+01  -.1432659E+01
  -.1563101E+01  -.1343888E+01  -.7689598E+00   .3146968E-02   .9424386E+00
   .2050065E+01   .3231487E+01   .4427117E+01   .5700002E+01   .7090776E+01
   .8577928E+01   .1001449E+02   .1112438E+02   .1180190E+02   .1215352E+02
   .1236897E+02   .1264451E+02   .1306316E+02   .1356876E+02   .1396897E+02
   .1408903E+02   .1395575E+02   .1366648E+02   .1326005E+02   .1273846E+02
   .1209164E+02   .1134725E+02   .1054075E+02   .9682512E+01   .8785669E+01
   .7908615E+01   .7115876E+01   .6359429E+01   .5587747E+01   .4861766E+01
   .4311742E+01   .4018544E+01   .3938015E+01   .3999269E+01   .4136109E+01
   .4297768E+01   .4413079E+01   .4364099E+01   .4117284E+01   .3764105E+01
   .3421654E+01   .3155229E+01   .3014824E+01   .2975328E+01   .2867582E+01
   .2551990E+01   .2081448E+01   .1640977E+01   .1369092E+01   .1285545E+01
   .1301747E+01   .1263830E+01   .1083214E+01   .8104064E+00   .4888405E+00
   .8456328E-01  -.4185473E+00  -.9758662E+00  -.1526897E+01  -.2073179E+01
  -.2625004E+01  -.3160529E+01  -.3619279E+01  -.3962238E+01  -.4213618E+01
  -.4403884E+01  -.4577531E+01  -.4735047E+01  -.4779063E+01  -.4670024E+01
  -.4548476E+01  -.4548952E+01  -.4620269E+01  -.4602617E+01  -.4453162E+01
  -.4269646E+01  -.4156168E+01  -.4180038E+01  -.4328092E+01  -.4542296E+01
  -.4755810E+01  -.4870615E+01  -.4841186E+01  -.4713897E+01  -.4633865E+01
  -.4766667E+01  -.5131606E+01  -.5677406E+01  -.6361822E+01  -.7150681E+01
  -.7985016E+01  -.8758164E+01  -.9390509E+01  -.9876327E+01  -.1024839E+02
  -.1048817E+02  -.1055540E+02  -.1048873E+02  -.1036899E+02  -.1021847E+02
  -.9996897E+01  -.9632537E+01  -.9099779E+01  -.8471910E+01  -.7869045E+01
  -.7324115E+01  -.6797088E+01  -.6292434E+01  -.5915464E+01  -.5770019E+01
  -.5760438E+01  -.5688911E+01  -.5478718E+01  -.5227981E+01  -.5047931E+01
  -.4946979E+01  -.4876930E+01  -.4806980E+01  -.4735120E+01  -.4674620E+01
  -.4642633E+01  -.4621646E+01  -.4568164E+01  -.4484439E+01  -.4471730E+01
  -.4601115E+01  -.4805648E+01  -.4978056E+01  -.5084826E+01  -.5113026E+01
  -.4984747E+01  -.4694189E+01  -.4330681E+01  -.3934308E+01  -.3496049E+01
  -.3036876E+01  -.2593863E+01  -.2152298E+01  -.1702210E+01  -.1249060E+01
  -.8057093E+00  -.4439252E+00  -.2114231E+00  -.7695953E-01   .3448385E-01
   .1726826E+00   .3237652E+00   .4749703E+00   .6333489E+00   .8316045E+00
   .1110082E+01   .1484472E+01   .1963927E+01   .2519674E+01   .3092615E+01
   .3656638E+01   .4183031E+01   .4628678E+01   .4949294E+01   .5137109E+01
   .5287844E+01   .5500699E+01   .5780295E+01   .6063095E+01   .6285953E+01
   .6409753E+01   .6421755E+01   .6356322E+01   .6288223E+01   .6262813E+01
   .6253539E+01   .6209616E+01   .6091938E+01   .5908878E+01   .5676137E+01
   .5403887E+01   .5090006E+01   .4717584E+01   .4312813E+01   .3895616E+01
   .3458441E+01   .2982328E+01   .2464454E+01   .1961828E+01   .1580641E+01
   .1394480E+01   .1350740E+01   .1324368E+01   .1234775E+01   .1087811E+01
   .9515135E+00   .8965112E+00   .9366954E+00   .1027351E+01   .1118373E+01
   .1148034E+01   .1030046E+01   .7376140E+00   .3498784E+00  -.3700056E-01
  -.3809782E+00  -.6566016E+00  -.7975735E+00  -.7544983E+00  -.5724309E+00
  -.3460217E+00  -.1599297E+00  -.4599861E-01   .2480503E-01   .1167883E+00
   .2835972E+00   .5405935E+00   .8656050E+00   .1221027E+01   .1572207E+01
   .1861288E+01   .2008951E+01   .1951759E+01   .1717936E+01   .1413704E+01
   .1125161E+01   .9046842E+00   .7779460E+00   .7369258E+00   .7684421E+00
   .8697847E+00   .1012131E+01   .1161746E+01   .1264355E+01   .1246310E+01
   .1097330E+01   .8562080E+00   .5874127E+00   .3402391E+00   .1584320E+00
   .9357720E-01   .1507754E+00   .3080642E+00   .5129779E+00   .7376636E+00
   .1043648E+01   .1493348E+01   .2051541E+01   .2629285E+01   .3193908E+01
   .3771183E+01   .4392273E+01   .5043197E+01   .5675510E+01   .6248066E+01
   .6764547E+01   .7225272E+01   .7623772E+01   .7994529E+01   .8334674E+01
   .8639436E+01   .8936949E+01   .9253275E+01   .9556641E+01   .9756707E+01
   .9830261E+01   .9796884E+01   .9649016E+01   .9382027E+01   .9004908E+01
   .8535301E+01   .7991937E+01   .7402711E+01   .6818857E+01   .6277920E+01
   .5761238E+01   .5245439E+01   .4757755E+01   .4339391E+01   .4007119E+01
   .3758260E+01   .3558388E+01   .3359830E+01   .3142962E+01   .2914036E+01
   .2710296E+01   .2578717E+01   .2533471E+01   .2542434E+01   .2534489E+01
   .2454329E+01   .2283903E+01   .2016860E+01   .1664381E+01   .1250659E+01
   .8010173E+00   .3459388E+00  -.1170766E+00  -.6234126E+00  -.1132775E+01
  -.1595978E+01  -.2024052E+01  -.2433750E+01  -.2813731E+01  -.3140911E+01
  -.3447144E+01  -.3767204E+01  -.4091400E+01  -.4403189E+01  -.4728925E+01
  -.5086990E+01  -.5455160E+01  -.5821946E+01  -.6186225E+01  -.6556491E+01
  -.6929231E+01  -.7297495E+01  -.7640221E+01  -.7921745E+01  -.8128304E+01
  -.8269191E+01  -.8377568E+01  -.8501292E+01  -.8655332E+01  -.8760411E+01
  -.8726059E+01  -.8538204E+01  -.8230879E+01  -.7858141E+01  -.7499219E+01
  -.7251011E+01  -.7185538E+01  -.7260083E+01  -.7364205E+01  -.7418715E+01
  -.7375178E+01  -.7252344E+01  -.7092840E+01  -.6932389E+01  -.6823527E+01
  -.6809948E+01  -.6887191E+01  -.6983940E+01  -.7012144E+01  -.6967322E+01
  -.6885439E+01  -.6740222E+01  -.6471883E+01  -.6037019E+01  -.5457711E+01
  -.4805338E+01  -.4129574E+01  -.3454032E+01  -.2768111E+01  -.2031067E+01
  -.1225257E+01  -.4586730E+00   .1208183E+00   .5369298E+00   .8712706E+00
   .1173736E+01   .1494932E+01   .1873663E+01   .2304178E+01   .2670124E+01
   .2819155E+01   .2720318E+01   .2460171E+01   .2101892E+01   .1704768E+01
   .1378061E+01   .1192708E+01   .1105614E+01   .1044203E+01   .9941017E+00
   .9246876E+00   .7879252E+00   .6084574E+00   .4623725E+00   .3847845E+00
   .3716230E+00   .3882341E+00   .4000542E+00   .3732696E+00   .2456935E+00
   .3767808E-01  -.1767584E+00  -.3603517E+00  -.5041309E+00  -.5780225E+00
  -.5231802E+00  -.3559457E+00  -.1638585E+00   .5041117E-01   .3465899E+00
   .6966746E+00   .1039489E+01   .1315685E+01   .1451547E+01   .1454334E+01
   .1418257E+01   .1423605E+01   .1493341E+01   .1613182E+01   .1738695E+01
   .1804851E+01   .1774957E+01   .1679877E+01   .1575016E+01   .1499439E+01
   .1511073E+01   .1610606E+01   .1701840E+01   .1712295E+01   .1629911E+01
   .1490061E+01   .1321029E+01   .1122685E+01   .9250917E+00   .7909063E+00
   .7436314E+00   .7358319E+00   .7047209E+00   .6293560E+00   .5278894E+00
   .3832991E+00   .1816037E+00  -.5630443E-01  -.3035024E+00  -.5386779E+00
  -.7517297E+00  -.9313965E+00  -.1064987E+01  -.1151941E+01  -.1221052E+01
  -.1304463E+01  -.1398323E+01  -.1438987E+01  -.1390859E+01  -.1293624E+01
  -.1172436E+01  -.1041244E+01  -.9413048E+00  -.9007205E+00  -.9216513E+00
  -.9625028E+00  -.9889811E+00  -.1024119E+01  -.1077267E+01  -.1136934E+01
  -.1166866E+01  -.1109497E+01  -.9580162E+00  -.7711496E+00  -.6236257E+00
  -.5597893E+00  -.6003826E+00  -.7378650E+00  -.9339020E+00  -.1146399E+01
  -.1331241E+01  -.1444634E+01  -.1454264E+01  -.1371961E+01  -.1256204E+01
  -.1154956E+01  -.1090070E+01  -.1049685E+01  -.9602735E+00  -.7750693E+00
  -.5168753E+00  -.2467781E+00  -.6491887E-01  -.5566684E-01  -.2419146E+00
  -.5978491E+00  -.1074255E+01  -.1599825E+01  -.2095389E+01  -.2486301E+01
  -.2731394E+01  -.2845401E+01  -.2844864E+01  -.2743225E+01  -.2584387E+01
  -.2373431E+01  -.2104108E+01  -.1809810E+01  -.1522061E+01  -.1251052E+01
  -.9559985E+00  -.5958165E+00  -.1526737E+00   .3751401E+00   .9513709E+00
   .1502481E+01   .1963782E+01   .2338615E+01   .2662815E+01   .2952062E+01
   .3191105E+01   .3365953E+01   .3483116E+01   .3567416E+01   .3656689E+01
   .3777927E+01   .3918588E+01   .4039279E+01   .4121657E+01   .4144529E+01
   .4089674E+01   .3965473E+01   .3782737E+01   .3533255E+01   .3231499E+01
   .2940934E+01   .2689866E+01   .2471502E+01   .2270261E+01   .2051389E+01
   .1811356E+01   .1588016E+01   .1414753E+01   .1300506E+01   .1216225E+01
   .1125563E+01   .1028402E+01   .9254604E+00   .8214399E+00   .7281814E+00
   .6438946E+00   .5340857E+00   .3910739E+00   .2712352E+00   .1802503E+00
   .1059878E+00   .7210025E-01   .9861983E-01   .1741352E+00   .2714734E+00
   .3738426E+00   .4721915E+00   .5605097E+00   .6232852E+00   .6710893E+00
   .7111727E+00   .7071513E+00   .6219610E+00   .4704835E+00   .2975235E+00
   .1227332E+00  -.5251728E-01  -.2329986E+00  -.4288818E+00  -.6413672E+00
  -.8702847E+00  -.1123975E+01  -.1387097E+01  -.1627828E+01  -.1831334E+01
  -.1979515E+01  -.2070081E+01  -.2138545E+01  -.2214960E+01  -.2307509E+01
  -.2381586E+01  -.2414979E+01  -.2427732E+01  -.2439745E+01  -.2475152E+01
  -.2547054E+01  -.2650401E+01  -.2752789E+01  -.2829486E+01  -.2880072E+01
  -.2907126E+01  -.2906609E+01  -.2870559E+01  -.2808039E+01  -.2707766E+01
  -.2544028E+01  -.2331457E+01  -.2091024E+01  -.1831561E+01  -.1565270E+01
  -.1257707E+01  -.9033205E+00  -.5774796E+00  -.3251991E+00  -.1191463E+00
   .1054760E+00   .3610691E+00   .6293608E+00   .9161818E+00   .1214131E+01
   .1512868E+01   .1795069E+01   .2055145E+01   .2297156E+01   .2510081E+01
   .2692288E+01   .2863522E+01   .3070065E+01   .3342622E+01   .3665221E+01
   .3985707E+01   .4252892E+01   .4454256E+01   .4583499E+01   .4612896E+01
   .4535677E+01   .4382016E+01   .4198957E+01   .4003363E+01   .3782191E+01
   .3555064E+01   .3344093E+01   .3123928E+01   .2854581E+01   .2537005E+01
   .2209042E+01   .1904487E+01   .1634341E+01   .1401633E+01   .1209114E+01
   .1062355E+01   .9674355E+00   .8958532E+00   .7982923E+00   .6400388E+00
   .4141919E+00   .1661265E+00  -.6612333E-01  -.2962392E+00  -.5585349E+00
  -.8627317E+00  -.1203689E+01  -.1545613E+01  -.1824997E+01  -.2033010E+01
  -.2182194E+01  -.2290950E+01  -.2391773E+01  -.2497993E+01  -.2589720E+01
  -.2636338E+01  -.2626038E+01  -.2569781E+01  -.2470437E+01  -.2327445E+01
  -.2178202E+01  -.2080331E+01  -.2058948E+01  -.2087088E+01  -.2112067E+01
  -.2087058E+01  -.2003192E+01  -.1896481E+01  -.1808982E+01  -.1770787E+01
  -.1759505E+01  -.1745771E+01  -.1734186E+01  -.1707540E+01  -.1653670E+01
  -.1565025E+01  -.1475081E+01  -.1432391E+01  -.1431186E+01  -.1444423E+01
  -.1481962E+01  -.1540284E+01  -.1577425E+01  -.1591523E+01  -.1606942E+01
  -.1644304E+01  -.1701329E+01  -.1749535E+01  -.1774328E+01  -.1780062E+01
  -.1756833E+01  -.1709233E+01  -.1649883E+01  -.1594315E+01  -.1585695E+01
  -.1662896E+01  -.1845920E+01  -.2118207E+01  -.2449722E+01  -.2800502E+01
  -.3084107E+01  -.3229760E+01  -.3236330E+01  -.3147752E+01  -.2995921E+01
  -.2826341E+01  -.2689937E+01  -.2595632E+01  -.2538485E+01  -.2476700E+01
  -.2369695E+01  -.2199916E+01  -.1960364E+01  -.1695443E+01  -.1465880E+01
  -.1282967E+01  -.1127501E+01  -.9736302E+00  -.8086329E+00  -.6438805E+00
  -.4682320E+00  -.2473236E+00   .4059681E-01   .3746969E+00   .7086816E+00
   .1009027E+01   .1258071E+01   .1449082E+01   .1600443E+01   .1741427E+01
   .1881744E+01   .2026486E+01   .2189593E+01   .2377106E+01   .2571903E+01
   .2762473E+01   .2937203E+01   .3088424E+01   .3228707E+01   .3365571E+01
   .3492798E+01   .3599214E+01   .3685420E+01   .3749115E+01   .3775989E+01
   .3772750E+01   .3760963E+01   .3754408E+01   .3761955E+01   .3772205E+01
   .3778665E+01   .3751202E+01   .3651192E+01   .3476725E+01   .3262634E+01
   .3066535E+01   .2904691E+01   .2769569E+01   .2619026E+01   .2412557E+01
   .2133840E+01   .1784085E+01   .1406986E+01   .1033528E+01   .6915018E+00
   .3892094E+00   .1181195E+00  -.1093668E+00  -.2958097E+00  -.4662622E+00
  -.6215944E+00  -.7367637E+00  -.8016793E+00  -.8153810E+00  -.7855899E+00
  -.7168265E+00  -.6161019E+00  -.4983178E+00  -.3495626E+00  -.1731971E+00
  -.1289598E-01   .1055877E+00   .1907447E+00   .2598868E+00   .3187546E+00
   .3874401E+00   .4787847E+00   .5972186E+00   .7485525E+00   .8939418E+00
   .9962424E+00   .1053544E+01   .1084378E+01   .1112418E+01   .1115041E+01
   .1068643E+01   .9857372E+00   .8873645E+00   .7927773E+00   .7179471E+00
   .6910371E+00   .7034560E+00   .7261406E+00   .7311077E+00   .6882139E+00
   .6005993E+00   .4790151E+00   .3196607E+00   .1391178E+00  -.3573074E-01
  -.2103857E+00  -.3790764E+00  -.5042390E+00  -.5685117E+00  -.5774951E+00
  -.5332897E+00  -.4469567E+00  -.3287274E+00  -.1880729E+00  -.5612686E-01
   .3650734E-01   .8665921E-01   .1006993E+00   .8032783E-01   .2969500E-01
  -.2554643E-01  -.5492323E-01  -.5934560E-01  -.4407423E-01   .8202679E-02
   .7875296E-01   .1170910E+00   .1160058E+00   .6803647E-01  -.4504905E-01
  -.2097194E+00  -.4013920E+00  -.6059854E+00  -.7922063E+00  -.9441629E+00
  -.1088248E+01  -.1229073E+01  -.1349236E+01  -.1417422E+01  -.1420832E+01
  -.1376687E+01  -.1304248E+01  -.1232220E+01  -.1166644E+01  -.1108188E+01
  -.1052484E+01  -.1005991E+01  -.9959132E+00  -.1013779E+01  -.1017555E+01
  -.1003879E+01  -.1006767E+01  -.1021717E+01  -.1031018E+01  -.1026929E+01
  -.9997392E+00  -.9450477E+00  -.8944583E+00  -.8744340E+00  -.8828547E+00
  -.9108295E+00  -.9529478E+00  -.9991686E+00  -.1020789E+01  -.1024559E+01
  -.1014211E+01  -.9666402E+00  -.8786077E+00  -.7536837E+00  -.6099002E+00
  -.4678596E+00  -.3499243E+00  -.2794170E+00  -.2504572E+00  -.2282309E+00
  -.1613228E+00  -.3756143E-01   .1286915E+00   .3166837E+00   .5063929E+00
   .6961588E+00   .8712497E+00   .1016234E+01   .1116190E+01   .1167547E+01
   .1189217E+01   .1206243E+01   .1255639E+01   .1334135E+01   .1398885E+01
   .1435399E+01   .1455696E+01   .1472770E+01   .1485319E+01   .1489794E+01
   .1504245E+01   .1540175E+01   .1586872E+01   .1625634E+01   .1642600E+01
   .1641269E+01   .1637604E+01   .1634955E+01   .1612320E+01   .1548065E+01
   .1447313E+01   .1339815E+01   .1252816E+01   .1203416E+01   .1183855E+01
   .1195003E+01   .1233130E+01   .1282293E+01   .1335713E+01   .1361675E+01
   .1340478E+01   .1272531E+01   .1174276E+01   .1068576E+01   .9447299E+00
   .8172389E+00   .7248272E+00   .6609543E+00   .6042478E+00   .5500472E+00
   .4971424E+00   .4356723E+00   .3503852E+00   .2366106E+00   .1133507E+00
   .9238672E-02  -.6083392E-01  -.1080482E+00  -.1540766E+00  -.2037996E+00
  -.2557170E+00  -.3173696E+00  -.3739757E+00  -.4130439E+00  -.4526062E+00
  -.4837516E+00  -.4863177E+00  -.4539438E+00  -.3904404E+00  -.3148095E+00
  -.2457830E+00  -.2079136E+00  -.1908701E+00  -.1646193E+00  -.1157994E+00
  -.4576037E-01   .2194857E-01   .6784778E-01   .8877015E-01   .1079270E+00
   .1352923E+00   .1783211E+00   .2350355E+00   .2869885E+00   .3484203E+00
   .4444809E+00   .5582188E+00   .6497762E+00   .7199439E+00   .7620022E+00
   .7676105E+00   .7447827E+00   .7087232E+00   .6649222E+00   .6024996E+00
   .5321481E+00   .4563879E+00   .3663433E+00   .2383039E+00   .6124231E-01
  -.1510188E+00  -.4016046E+00  -.6890815E+00  -.9819500E+00  -.1237921E+01
  -.1437695E+01  -.1575644E+01  -.1655027E+01  -.1699941E+01  -.1729578E+01
  -.1756095E+01  -.1790470E+01  -.1825272E+01  -.1856696E+01  -.1898566E+01
  -.1947083E+01  -.1985518E+01  -.2001094E+01  -.1974114E+01  -.1896857E+01
  -.1773991E+01  -.1621648E+01  -.1468017E+01  -.1332331E+01  -.1230132E+01
  -.1168509E+01  -.1131862E+01  -.1096715E+01  -.1047957E+01  -.9813782E+00
  -.8911263E+00  -.7725044E+00  -.6424962E+00  -.5186952E+00  -.4018751E+00
  -.2857444E+00  -.1788395E+00  -.9282445E-01  -.1958119E-01   .4973549E-01
   .1131346E+00   .1609219E+00   .1904475E+00   .2032689E+00   .1974971E+00
   .1902996E+00   .1975261E+00   .2071963E+00   .2102112E+00   .2094191E+00
   .2060534E+00   .2050478E+00   .2097368E+00   .2120753E+00   .2139013E+00
   .2213424E+00   .2273209E+00   .2226434E+00   .2041407E+00   .1844257E+00
   .1768439E+00   .1804376E+00   .1926675E+00   .2139170E+00   .2345828E+00
   .2445508E+00   .2429737E+00   .2291989E+00   .2028939E+00   .1678780E+00
   .1349129E+00   .1117290E+00   .9943186E-01   .9307893E-01   .8972950E-01
   .8771131E-01   .8416596E-01   .7985564E-01   .7659504E-01   .7788620E-01
   .8210474E-01   .8471288E-01   .8547751E-01   .8517399E-01   .7886998E-01
   .6247148E-01   .3838428E-01   .1328642E-01  -.9754480E-02  -.3418717E-01
  -.5704925E-01  -.7377004E-01  -.8664551E-01  -.9800777E-01  -.1081487E+00
  -.1147252E+00  -.1142142E+00  -.1066198E+00  -.9496592E-01  -.8400974E-01
  -.7560168E-01  -.6745636E-01  -.5962308E-01  -.5357022E-01  -.4791140E-01
  -.4093995E-01  -.3457605E-01  -.3066698E-01  -.2791647E-01  -.2622625E-01
  -.2667155E-01  -.2918990E-01  -.3223606E-01  -.3436247E-01  -.3603591E-01
  -.3779664E-01  -.3955947E-01  -.4145541E-01  -.4440381E-01  -.4891311E-01
  -.5385319E-01  -.5767009E-01  -.6013487E-01  -.6187385E-01  -.6314112E-01
  -.6419118E-01  -.6514986E-01  -.6596596E-01  -.6661284E-01  -.6707506E-01
  -.6722791E-01  -.6670540E-01  -.6514347E-01  -.6255936E-01  -.5932378E-01
  -.5580168E-01  -.5230508E-01  -.4907205E-01  -.4603546E-01  -.4311276E-01
  -.4019065E-01  -.3721895E-01  -.3427010E-01  -.3135478E-01  -.2853554E-01
  -.2578285E-01  -.2309440E-01  -.2049181E-01  -.1803426E-01  -.1577593E-01
  -.1368139E-01  -.1171341E-01  -.9838789E-02  -.8043315E-02  -.6322808E-02
  -.4691410E-02  -.3176689E-02  -.1793872E-02  -.5390395E-03   .5936248E-03
   .1604606E-02   .2492077E-02   .3253449E-02   .3888315E-02   .4394867E-02
   .4772296E-02   .5021243E-02   .5140535E-02   .5127711E-02   .4979542E-02
   .4692570E-02   .4263055E-02   .3687085E-02   .2960634E-02   .2079526E-02
