PEER NGA STRONG MOTION DATABASE RECORD
Northridge-01, 1/17/1994, Arleta - Nordhoff Fire Sta, UP
ACCELERATION TIME SERIES IN UNITS OF G
NPTS=   2000, DT=   .0200 SEC                                              
  -.3410460E-02   .1235318E-01  -.4249696E-03   .1223757E-01  -.1465770E-01
  -.1170893E-01   .4757122E-01   .6781990E-01   .3076280E-01  -.1671886E-01
   .2133041E-01   .4603589E-01   .4335830E-01  -.8481104E-01  -.5546398E-01
   .6415600E-01   .1185081E+00  -.2104097E-01  -.1397791E+00   .4555890E-01
   .1116189E+00  -.1285179E-02  -.1553454E+00  -.6510363E-01   .1105977E+00
   .1813624E+00  -.2126402E+00  -.1697514E+00   .1615096E+00   .4693156E-01
  -.1043697E+00  -.2677367E+00   .9408914E-01   .1795101E+00  -.9262393E-01
  -.1200754E+00  -.8154831E-01   .1348289E+00   .1912972E-01  -.1379133E+00
  -.1263616E+00  -.3217578E-01   .6042687E-01   .7352039E-01   .1998027E-01
  -.7263110E-01   .7204103E-01   .5606713E-01  -.2374155E-01   .2621437E-02
   .5344289E-01   .1619130E-01  -.5051507E-02   .3341127E-01   .4952878E-01
  -.2624051E-01   .9508707E-02  -.2367583E-01   .3589628E-01  -.1745694E-01
  -.1840879E-01   .9450389E-01  -.2380532E-01   .3734149E-02  -.6489413E-01
  -.6507339E-01   .3724398E-01  -.5020687E-02   .2527937E-01  -.2937546E-01
  -.6323463E-01   .8080734E-01   .1042271E+00  -.7611425E-02   .8307199E-01
   .1023105E+00   .4840048E-01  -.1600333E-01  -.4481537E-01  -.5615694E-01
  -.1251041E+00   .2493848E-03   .9536186E-01   .1054939E+00  -.6337526E-02
  -.1008618E+00  -.2343645E-01   .9682974E-01   .3403031E-01   .1599452E-01
  -.2371026E-01   .2746143E-02  -.6180194E-01  -.1744921E+00  -.1640190E-01
   .1303152E-01   .9891266E-01   .1625638E+00  -.2203472E-01  -.1054004E+00
   .2573471E-01  -.9923594E-01   .1388022E+00   .2651093E+00   .9016659E-01
   .3549632E-02   .2414173E-01   .7123027E-01  -.1255378E+00  -.9545278E-01
  -.1232254E+00   .1196843E-01  -.3766902E-01   .3563801E+00   .3549376E+00
  -.2716723E+00  -.5521504E+00  -.4824024E+00  -.2893976E+00   .3063021E+00
   .4379027E+00   .6142286E-01  -.1977050E+00  -.1778966E+00   .1443426E+00
   .1664825E+00   .9802705E-01  -.9153216E-03   .1555247E+00  -.8151050E-01
  -.7796758E-01  -.9508789E-01  -.7927349E-01   .1405245E+00   .2465471E-01
   .2742616E-01  -.3231725E-01  -.7982278E-01   .5529141E-01   .4570832E-01
  -.1072837E+00   .4736423E-01   .2199673E+00   .1491706E+00   .6631242E-01
  -.1554005E+00  -.2105494E+00  -.5939740E-01  -.8055400E-01   .2044452E-01
  -.6298118E-01  -.7416238E-01   .1420621E-02   .7286336E-01  -.2373281E-01
  -.2688386E-02   .4551552E-01   .6663123E-01   .1736829E+00   .4118953E-01
  -.7226150E-01  -.2343263E-01   .2691699E-01   .2127774E-01  -.6721005E-01
  -.2672961E+00   .8062503E-01   .2431886E+00  -.1924302E-01  -.7926291E-01
  -.1196325E+00   .3488917E-01   .1550184E+00  -.2419066E-01  -.1145405E+00
  -.7731595E-01  -.9751547E-02  -.1847871E+00  -.2921467E+00  -.3582221E-01
  -.1526730E+00  -.1081221E+00  -.1302252E+00  -.7356494E-01   .3548923E+00
   .2636260E+00  -.8412553E-01  -.2396551E+00   .5804827E-01   .8897769E-01
   .1452986E-01   .5615951E-02   .6971767E-01   .1623049E+00   .8969186E-01
   .6855102E-01   .1525884E+00   .4858070E-01  -.2290135E-01   .4544320E-02
  -.2348887E-01   .6713143E-01   .5610664E-01  -.6844010E-01  -.6921908E-01
  -.1214908E+00  -.1549597E+00   .8109699E-01   .6605824E-01  -.1355232E+00
  -.2327863E+00  -.6927662E-02   .3228537E+00   .2798412E+00  -.4512784E-01
  -.2447909E+00  -.6314950E-01   .2727839E-01   .2197516E-01  -.9376554E-01
  -.1175401E+00  -.9106526E-01  -.1236551E-01  -.1596144E-01  -.6881116E-01
   .2303730E-01   .1213984E+00   .1837647E+00   .6097857E-01  -.1216117E-01
  -.2684780E-01   .1889543E-01  -.3239192E-01  -.8939234E-01   .1453282E+00
   .1488984E+00   .3400169E-01  -.9536069E-01  -.2159205E+00  -.2397017E+00
  -.1269458E+00   .1048226E+00  -.1013650E-01   .5117360E-01   .1610295E+00
   .3816125E-01  -.8456326E-01  -.3196918E-01  -.2331264E-01   .9637203E-02
   .1421380E+00   .1449386E+00   .1186652E+00   .1878947E-01  -.6354916E-02
  -.3393203E-01  -.1215137E-01   .9192591E-01  -.4479854E-02  -.3702039E-01
  -.1062188E+00  -.5342306E-01   .2022404E+00   .1753679E+00   .3214600E-01
  -.1845393E+00  -.4602402E-01  -.9262138E-01  -.1785448E+00   .3633068E-01
  -.2792498E-01   .3872716E-01   .5618264E-01  -.3046922E-01  -.9717195E-01
  -.7061404E-01  -.4601560E-01   .6033787E-01   .9630623E-01   .6120709E-01
   .1592098E+00  -.3191678E-01  -.1574624E+00  -.1291238E+00   .1188494E+00
   .2011440E+00   .1411425E+00   .1934734E+00   .2695324E-01   .9110808E-01
  -.8597058E-02  -.1149914E+00  -.3745419E-01  -.9061574E-01  -.2644060E-01
   .3514576E-01   .3887057E-01   .1266954E+00  -.5509014E-03  -.1044739E+00
  -.5982979E-01   .1066747E+00   .1603080E+00   .3896805E-02   .2393844E-01
   .6785750E-02  -.4922385E-01   .4275780E-02   .3378805E-01  -.1540799E-01
  -.4056365E-01   .3557176E-01   .1860258E-01  -.7101100E-01   .1121580E-01
  -.9394805E-02  -.1163637E+00  -.1146211E+00  -.4864800E-01  -.5704109E-01
  -.1168371E+00   .8568129E-01   .5048050E-01  -.5372204E-02   .3468158E-01
   .4831698E-02   .2386145E-02   .8895598E-01   .1743518E+00   .6015448E-02
  -.1108629E+00  -.2214530E+00  -.8796321E-01  -.9495906E-01   .1323197E+00
   .2273983E+00   .7158141E-01  -.9287799E-01  -.2324871E+00   .4209718E-01
  -.5016358E-01  -.1147181E+00   .7800513E-02   .6349585E-01  -.7038604E-01
  -.1293123E-01  -.4348202E-01  -.2136107E+00   .6825869E-02   .7703678E-01
   .2552769E+00   .1686393E+00  -.1622940E-03  -.5419251E-01  -.4907191E-01
   .7346089E-01   .1022556E+00   .1825115E+00  -.3089068E-01  -.9011375E-01
  -.6632615E-01  -.1362388E+00  -.6616465E-01   .3453705E-01  -.9949077E-02
  -.1408088E+00  -.1355352E+00  -.7991554E-01   .3405330E-01   .7393747E-01
   .9805144E-01   .3813775E-02  -.6362340E-01  -.1569124E+00  -.2227003E+00
   .3374619E-01   .2014822E+00   .1825389E+00   .2564164E-01  -.5842154E-01
  -.1349765E+00  -.7773908E-01  -.1527487E+00  -.4677778E-01   .2148839E+00
   .1605180E+00   .1082278E+00  -.5705791E-01   .6766656E-02   .9419786E-02
  -.4576516E-01  -.2469899E-01  -.3895134E-01   .1514675E+00   .1977231E-01
  -.8492548E-01   .1198891E-01   .9195242E-02  -.1814472E-01  -.4715035E-01
  -.6962492E-01  -.2712242E-01  -.1794741E-01  -.2136274E-02   .1095212E+00
   .4295000E-01   .2626463E-02   .6287697E-01   .3043293E-01   .2995467E-01
   .5524366E-01  -.9464929E-01  -.2153556E-01   .1559803E+00   .1731950E+00
   .1530573E+00   .5714553E-03  -.1065968E+00  -.1259450E+00   .1319542E-01
   .2923813E-01  -.2567240E-01  -.6025738E-01  -.8168437E-01  -.1325333E+00
  -.1711808E+00  -.7333923E-01   .7333761E-02   .1526359E+00   .1978069E+00
   .1083755E+00  -.1291802E+00  -.1316036E+00   .2513797E-01  -.1791807E-01
  -.4865862E-01   .3715316E-01   .4744926E-01   .9719591E-01   .8106584E-01
   .1294945E-01  -.7648288E-01  -.1633540E+00  -.3431765E-01   .1501373E+00
   .1132988E-01  -.7387454E-01   .1454400E+00   .8218904E-01  -.7110239E-01
  -.7651220E-01   .2615312E-01   .5074561E-01   .2155860E-01  -.6058067E-01
   .7510818E-01   .1446154E+00   .5058495E-01   .5695109E-01   .3235004E-01
   .6608993E-01   .4139097E-01  -.1540126E-01  -.4337135E-01  -.3016965E-04
   .5085391E-01   .7732765E-02  -.3589328E-01  -.8785271E-01  -.1209442E+00
  -.8492554E-01  -.2965033E-01   .2617774E-01   .7062160E-01   .1044238E+00
   .1222130E+00   .1559898E-01  -.2821162E-01  -.4884372E-01   .6008763E-01
   .1333282E+00   .5699082E-01   .1917276E-01   .3152035E-01   .3675344E-01
  -.5479311E-01  -.9211848E-01  -.4205534E-01   .2233064E-01   .8803924E-02
  -.4591751E-01  -.5597417E-01   .1997150E-01  -.1439583E-01   .2258279E-01
   .7191260E-01   .4230258E-01   .1349633E-01  -.3730314E-01  -.4328484E-01
  -.8040305E-01  -.3113949E-01   .2669820E-01   .3342777E-01  -.1378739E-01
  -.3642564E-01  -.2620763E-01  -.2746259E-01   .5414012E-01   .6179182E-01
   .2558660E-01  -.7299541E-02   .1417013E-01   .2348242E-01   .6177826E-02
  -.3584882E-02  -.6191896E-01  -.5535553E-01  -.6487341E-01   .2933964E-01
   .8173068E-01  -.2013798E-01  -.2040646E-01  -.3859022E-01  -.8665795E-01
  -.1116338E+00  -.5181616E-01   .6348037E-01   .3146171E-02  -.1096670E+00
  -.7570832E-01  -.2386187E-01  -.6213191E-03   .4274545E-02   .4970624E-01
   .3934088E-01  -.2672013E-02   .1615301E-01   .1755847E-01   .2277263E-01
   .3038073E-01   .1997360E-01  -.2380995E-01  -.2968623E-01  -.3798702E-01
  -.6574533E-01  -.8879736E-01  -.6625945E-01   .1166141E-01   .3013845E-02
  -.4304833E-01  -.4841759E-01  -.5704880E-01  -.4374795E-01  -.5394076E-01
  -.4457813E-01  -.3443314E-01  -.3567033E-01  -.7861990E-02  -.2024469E-01
   .2412234E-01   .5684711E-01   .1811986E-01   .1163892E-01   .2541721E-01
   .2961771E-01   .2457703E-01   .2952113E-01   .2329726E-01  -.7611618E-02
  -.1591422E-01  -.1858031E-01  -.4084365E-01  -.1616963E-01   .3901973E-01
   .7466897E-01   .8657975E-01   .3958860E-01   .5202621E-02   .1571705E-01
  -.1941861E-01  -.4207558E-01  -.5306273E-01  -.2324476E-01  -.1908693E-01
  -.4088402E-01  -.2126296E-01  -.1843238E-03  -.1268306E-01  -.2088758E-01
  -.3558434E-02   .2904661E-02   .3454646E-01  -.6924305E-02   .9241056E-02
   .6852693E-01   .3277124E-01   .9208649E-02  -.6233715E-02   .8975949E-02
   .1060636E-01  -.2050522E-01   .3193243E-01   .1776001E-01  -.7614042E-02
   .6456334E-02  -.1821798E-01   .2195217E-01   .2711083E-01   .7736463E-02
   .6083582E-02  -.2065007E-01  -.4551406E-01   .5456292E-03  -.2430814E-01
  -.5316131E-01   .1204277E-01   .3064715E-01   .5097023E-01   .3441931E-01
   .2775934E-01   .5729203E-01   .5953259E-01   .3198814E-01  -.1663049E-02
  -.3701456E-01  -.3866323E-01  -.3487631E-01  -.3718702E-02   .5362035E-02
  -.4224370E-01  -.5105173E-01  -.6833489E-01  -.3222311E-01   .2181213E-01
   .1747431E-02  -.7838794E-02   .3674106E-01   .5052408E-01  -.2588583E-02
  -.2465753E-01   .4731497E-02   .1990377E-01   .2695381E-01  -.1120867E-01
  -.4745048E-01  -.3004174E-02   .3268443E-01   .3827385E-01   .3596951E-01
   .3096422E-01   .3599369E-01   .3951561E-01   .2766919E-01   .2908075E-01
   .2502511E-01   .2693240E-01   .7375132E-01   .7773635E-01   .3411801E-01
   .2250829E-01   .3310398E-01   .4874256E-01   .5068866E-01   .4121995E-01
   .4990010E-01   .2266097E-01  -.1460680E-01  -.2602674E-01  -.1637144E-01
  -.1372761E-01  -.1097462E-01   .6442037E-03  -.7351563E-02   .6219558E-02
   .1892746E-02  -.3101752E-01  -.5539547E-01  -.4069825E-01   .1783786E-02
   .2355048E-02  -.8976063E-02  -.2554067E-02  -.2829384E-02  -.2346185E-01
  -.3659630E-01  -.4735720E-01  -.3807304E-01  -.3506699E-01  -.5830043E-01
  -.4985776E-01  -.1815297E-01  -.1457671E-01  -.4177690E-01  -.1466514E-01
   .1695706E-01   .1598109E-01   .2894240E-01   .2951276E-01   .1578170E-01
   .2491191E-01   .3598625E-01   .4080902E-01   .4280435E-01   .1776968E-01
   .1945626E-02   .3064795E-02   .3984419E-01   .5475581E-01   .1039728E-01
  -.1214039E-01  -.9047497E-02   .2189957E-01   .4063826E-01   .4068647E-01
   .3902823E-01   .3164474E-01   .3747025E-01   .4187490E-01   .1447392E-01
  -.1648786E-01  -.5941773E-02   .8062124E-02  -.7828132E-02  -.3173048E-01
  -.3251249E-01  -.2569855E-01  -.2408966E-01  -.2595183E-01  -.2178886E-01
   .4352060E-02  -.1670139E-01  -.2228654E-01  -.1992691E-01  -.6635929E-02
  -.8398106E-02  -.1577027E-01   .1701700E-01   .2489792E-01   .2012268E-01
  -.6347949E-02  -.1526540E-01  -.3451850E-01  -.2357653E-01  -.1720213E-01
  -.1454970E-01  -.1796933E-01  -.2875334E-01  -.4160591E-01  -.5985123E-01
  -.5031989E-01  -.4395667E-01  -.3028413E-01  -.2522039E-01  -.2720790E-01
  -.2804077E-01  -.3848406E-01  -.4620192E-01  -.4111265E-01  -.2869979E-01
  -.1089111E-01  -.1714627E-01  -.1790975E-01  -.2253087E-01  -.3626364E-01
  -.3855710E-01  -.2914199E-01  -.1908732E-01  -.2024348E-01  -.1652913E-01
  -.2020570E-01  -.1218083E-01  -.5801209E-02  -.5089728E-02   .2861717E-02
   .2766386E-02   .5550516E-02   .5170611E-02   .2431449E-02   .2171715E-01
   .1940334E-01  -.1773430E-01  -.2030209E-01  -.1828089E-01  -.2343540E-01
  -.2041460E-01  -.1253317E-02   .2299928E-02  -.2264052E-01  -.1587733E-01
  -.7273040E-02  -.4188985E-02  -.7997065E-02  -.1222946E-01  -.9187220E-02
  -.8308396E-02  -.1101996E-01  -.3924235E-02   .9589339E-02   .1895075E-02
   .1453655E-01   .3457099E-01   .2471638E-01   .7083242E-02   .1835793E-01
   .2743757E-01   .1881513E-01   .1802016E-01   .1923256E-01   .1915874E-01
   .1330560E-01   .1532380E-01  -.1456599E-02   .2476147E-02   .2689967E-01
   .3807850E-01   .3224781E-01   .1115894E-01   .1654927E-01   .7749373E-02
  -.5988350E-02  -.6939351E-02  -.5281192E-02   .1986552E-01   .3320270E-01
   .3945290E-01   .4092032E-01   .2752023E-01   .2331135E-01   .2701564E-01
   .2346671E-01   .2255958E-01   .2740322E-01   .2739981E-01   .2048183E-01
   .8480163E-02   .1314632E-01   .1956688E-01   .2098637E-01   .2378491E-01
   .2823687E-01   .3387612E-01   .3154304E-01   .3461800E-01   .3350892E-01
   .2923682E-01   .3925595E-01   .3534085E-01   .2191630E-01   .1677517E-01
   .1303857E-01   .1903889E-01   .1023800E-01   .1350269E-01   .2133392E-01
   .1598981E-01   .7327631E-02   .8936860E-02   .3120313E-01   .2466868E-01
   .1615645E-01   .1857351E-01   .2343960E-01   .1964384E-01   .1378668E-01
   .5270363E-02  -.1204243E-01   .5394140E-02   .2980444E-01   .2831390E-01
   .1877962E-01   .6723908E-02   .3658475E-02  -.5169959E-02  -.1403409E-01
  -.1701078E-01  -.1094519E-01   .9688060E-02   .1476732E-01   .1799223E-01
   .2316488E-03  -.3659885E-01  -.3707348E-01  -.2755416E-01  -.2843987E-01
  -.3690723E-01  -.4331317E-01  -.4110725E-01  -.3161548E-01  -.2091500E-01
  -.2845621E-01  -.3103308E-01  -.3781540E-01  -.3339711E-01  -.2358506E-01
  -.3061219E-01  -.3252300E-01  -.3225000E-01  -.2667707E-01  -.2858381E-01
  -.3516826E-01  -.4038796E-01  -.4867276E-01  -.4357210E-01  -.3020128E-01
  -.1887556E-01  -.2403917E-01  -.3065117E-01  -.2603299E-01  -.2238074E-01
  -.3266067E-01  -.4331493E-01  -.4520027E-01  -.3227010E-01  -.7353927E-02
  -.6851446E-02  -.1780968E-01  -.2246943E-01  -.2624687E-01  -.1634306E-01
  -.6970669E-02  -.3157279E-02  -.1240499E-01  -.3847658E-01  -.4256310E-01
  -.3648531E-01  -.2998015E-01  -.2947464E-01  -.2481364E-01  -.1868997E-01
  -.2132198E-01  -.1847250E-01  -.1289862E-01  -.7619516E-02  -.1360529E-01
  -.1133723E-01  -.4131353E-02   .1460883E-02  -.4084262E-02  -.2417359E-01
  -.2009912E-01  -.1019944E-01  -.3473990E-02  -.3914048E-02  -.8217869E-02
  -.6376191E-02   .2879863E-02   .1528159E-01   .2554133E-01   .2384461E-01
   .9631476E-02   .7785837E-02   .1971224E-01   .3561255E-01   .4583350E-01
   .4889813E-01   .4241454E-01   .4131247E-01   .4698727E-01   .4586275E-01
   .5139985E-01   .5332716E-01   .5970575E-01   .6866902E-01   .6899391E-01
   .6883939E-01   .6091757E-01   .5764898E-01   .5308092E-01   .4783863E-01
   .3844086E-01   .2667872E-01   .2115592E-01   .2516400E-01   .3041851E-01
   .2385734E-01   .2466465E-01   .2422144E-01   .1729204E-01   .1731700E-01
   .2983797E-01   .3531687E-01   .3165758E-01   .3013111E-01   .3285497E-01
   .3732201E-01   .3642180E-01   .3155685E-01   .2315760E-01   .1215633E-01
   .1111433E-01   .9562332E-02  -.4483653E-02  -.9814762E-02  -.1020805E-01
  -.7401607E-02  -.7388946E-02  -.9512168E-02  -.8924233E-02  -.1044975E-01
  -.1058703E-01  -.4974591E-02  -.4981330E-02  -.9820834E-02  -.7740661E-02
  -.4606831E-02  -.6531185E-02  -.1600865E-01  -.2497815E-01  -.2720239E-01
  -.2528238E-01  -.2140091E-01  -.1883729E-01  -.2220701E-01  -.2520851E-01
  -.1828950E-01  -.1035865E-01  -.2056749E-01  -.3181877E-01  -.3444697E-01
  -.3266979E-01  -.2957173E-01  -.2578108E-01  -.2475259E-01  -.2502054E-01
  -.2181334E-01  -.2130814E-01  -.2264913E-01  -.3062420E-01  -.3288831E-01
  -.3136821E-01  -.2857720E-01  -.2644920E-01  -.2286361E-01  -.2654146E-01
  -.3393617E-01  -.4034967E-01  -.4259748E-01  -.3748191E-01  -.3538148E-01
  -.3247218E-01  -.3044724E-01  -.3074687E-01  -.3680440E-01  -.3398998E-01
  -.3265355E-01  -.2972388E-01  -.1924927E-01  -.1285773E-01  -.1337261E-01
  -.2338471E-01  -.2618441E-01  -.2103320E-01  -.1496909E-01  -.1556254E-01
  -.1587752E-01  -.1319881E-01  -.1048033E-01  -.4440724E-02  -.2412786E-02
  -.1158013E-02  -.6236247E-04   .1183433E-03   .2178905E-02   .6562002E-02
   .1819730E-01   .2628094E-01   .2513869E-01   .2418003E-01   .1939229E-01
   .1939650E-01   .2127751E-01   .2229763E-01   .2240996E-01   .2275381E-01
   .2030082E-01   .2115059E-01   .2365378E-01   .3377534E-01   .4636427E-01
   .4652246E-01   .4316369E-01   .4681028E-01   .5167269E-01   .3987646E-01
   .4169009E-01   .5060701E-01   .4584061E-01   .4646287E-01   .4799088E-01
   .4435157E-01   .3800518E-01  -.2003257E-02  -.4447139E-02   .3479943E-01
   .3506466E-01   .3250041E-01   .2010539E-01   .1085197E-01   .1140381E-01
   .6183453E-02   .1066126E-01   .1257886E-01   .1323573E-01   .1601523E-01
   .1818578E-01   .2244631E-01   .1136705E-01  -.1072895E-02  -.1359543E-02
   .1506627E-02   .7886693E-02   .5454973E-02  -.5545769E-02  -.1281229E-01
  -.1460245E-01  -.1526550E-01  -.2043798E-01  -.2631937E-01  -.1962415E-01
  -.1287692E-01  -.1285863E-01  -.1987325E-01  -.2610451E-01  -.2726434E-01
  -.1980110E-01  -.1445843E-01  -.1453808E-01  -.1081008E-01  -.1041443E-01
  -.1375198E-01  -.1844308E-01  -.2523945E-01  -.2387583E-01  -.1693281E-01
  -.1692376E-01  -.2368344E-01  -.2518604E-01  -.1965982E-01  -.1469358E-01
  -.1843407E-01  -.2899224E-01  -.2933104E-01  -.3077041E-01  -.2460162E-01
  -.1049722E-01  -.1116345E-01  -.1573730E-01  -.6622762E-02  -.9374903E-02
  -.1238409E-01  -.1373985E-01  -.1295873E-01  -.9320583E-02  -.1137608E-01
  -.7621665E-02  -.6099010E-02  -.5435199E-02  -.1294058E-01  -.1606607E-01
  -.5936669E-02  -.4879152E-02  -.7174379E-02  -.3754549E-02  -.2041183E-02
  -.2694221E-02  -.4194881E-02  -.3865665E-02  -.1496452E-02   .2477217E-02
   .7430082E-02   .1302962E-01   .1170030E-01   .8080061E-02   .7471873E-02
   .1461466E-01   .1578024E-01   .1490583E-01   .1671605E-01   .1713091E-01
   .1948682E-01   .2232315E-01   .2234632E-01   .1709812E-01   .1843097E-01
   .2242091E-01   .2582536E-01   .2764575E-01   .3429584E-01   .3249318E-01
   .2775395E-01   .2201714E-01   .1630176E-01   .1971946E-01   .1535455E-01
   .8796639E-02   .4480684E-02   .6023078E-03   .1146647E-02   .2921105E-02
   .8107900E-04  -.5950529E-02  -.5703021E-02   .7970854E-03   .5253109E-02
   .1169915E-01   .1770251E-01   .1606504E-01   .1081066E-01   .1175889E-01
   .1174219E-01   .6690779E-02   .4032282E-02   .6544162E-02   .4736339E-02
  -.1051526E-02  -.4184926E-03   .9927978E-03  -.1184274E-02  -.1357049E-02
  -.3241385E-02  -.5807084E-02  -.8278946E-02  -.3827049E-02  -.2993095E-02
  -.7614103E-02  -.7634913E-02  -.5182225E-02  -.1392321E-02  -.9170237E-02
  -.1310683E-01  -.8887517E-02  -.4489699E-02  -.6250645E-02  -.9960811E-02
  -.1139026E-01  -.8769291E-02  -.8296443E-02  -.8971100E-02  -.1415313E-01
  -.1466970E-01  -.8756174E-02  -.6912456E-02  -.5781720E-02  -.1149723E-01
  -.1389263E-01  -.1672664E-01  -.1961675E-01  -.2128694E-01  -.2108850E-01
  -.1468131E-01  -.6700272E-02  -.3462230E-02  -.4948829E-02  -.1113661E-01
  -.1226723E-01  -.8674240E-02  -.1190607E-01  -.1302751E-01  -.1321260E-01
  -.1096805E-01  -.8429743E-02  -.5824116E-02  -.3537751E-02  -.1892965E-02
  -.1716817E-03   .1563881E-02   .5733162E-02  -.3975175E-03   .3209741E-02
   .1148961E-01   .1249791E-01   .1030137E-01   .8077288E-02   .6929302E-02
   .4029975E-02   .2482148E-02  -.1727881E-02  -.5523790E-02  -.8936181E-02
  -.6186751E-02  -.2435683E-02   .2698851E-03   .2874472E-02  -.8857416E-03
  -.3582096E-02  -.5164710E-03   .2727653E-02   .2903617E-02   .4256660E-02
   .9859023E-02   .9476026E-02   .5696428E-02   .6241629E-02  -.1614089E-03
  -.3404488E-02  -.6388487E-02  -.4735567E-02  -.1211967E-02  -.1176767E-02
   .1919452E-02  -.1536883E-03  -.2674609E-02  -.4164309E-02  -.2128890E-02
   .2788283E-03   .2507873E-03   .2870064E-03   .2152086E-02   .3138944E-02
   .2454023E-02   .2993103E-02   .3249642E-02   .2122042E-02   .2314322E-02
   .2582082E-02   .2557102E-02  -.2810369E-03  -.1080196E-02   .4992854E-03
   .2234827E-02   .4895509E-02   .4470692E-02   .4891455E-02   .2265479E-02
   .5974260E-04  -.2295933E-02  -.1440647E-02  -.6598261E-02  -.9182415E-02
  -.4368508E-02   .9656005E-04   .1936149E-02  -.2100482E-02  -.3978792E-02
  -.3249980E-02  -.1862249E-02  -.3048996E-02  -.3090282E-02   .2531473E-02
   .9814808E-02   .1087206E-01   .9279363E-02   .8795401E-02   .1383270E-01
   .1815396E-01   .1805353E-01   .1557342E-01   .1359619E-01   .1240844E-01
   .1129515E-01   .1062249E-01   .7373322E-02   .1051752E-01   .1110559E-01
   .6633439E-02   .3527074E-02   .4334451E-02   .6735068E-02   .7988189E-02
   .1154345E-01   .1745389E-01   .2076640E-01   .1870452E-01   .1658451E-01
   .1398102E-01   .1278105E-01   .1207680E-01   .1282912E-01   .1369976E-01
   .1595045E-01   .1472907E-01   .7545794E-02   .1847637E-02   .2573443E-02
   .2114011E-02   .4583000E-02   .3739032E-02  -.3010733E-02  -.1559698E-02
  -.4537500E-02  -.9498181E-02  -.8194017E-02  -.8000633E-02  -.4160746E-02
  -.4960838E-02  -.9361527E-02  -.1015243E-01  -.6436978E-02  -.5235819E-02
  -.6478579E-02  -.7533657E-02  -.1424668E-01  -.1577401E-01  -.1551532E-01
  -.1449978E-01  -.1577007E-01  -.1416904E-01  -.1254967E-01  -.1513166E-01
  -.1415998E-01  -.1304039E-01  -.1103545E-01  -.1023714E-01  -.8128151E-02
  -.6146652E-02  -.8861230E-02  -.1121880E-01  -.1177302E-01  -.1213343E-01
  -.1401160E-01  -.1524614E-01  -.1643886E-01  -.1569664E-01  -.1566536E-01
  -.1491599E-01  -.1641572E-01  -.1547867E-01  -.7919768E-02  -.4745848E-02
  -.6466905E-02  -.7341359E-02  -.6419590E-02  -.5440699E-02  -.2854283E-02
  -.3008605E-02  -.3790224E-02  -.3069378E-02  -.1724291E-02  -.5148594E-03
   .5813553E-03   .9788735E-03  -.1534685E-02  -.3810581E-02  -.4197433E-02
  -.3236861E-02  -.2732227E-02  -.3956687E-03   .1261573E-02   .1207257E-02
   .2172947E-02   .2170658E-02   .3472954E-02   .4187733E-02   .4533276E-02
   .5886582E-02   .8359853E-02   .1114627E-01   .1260872E-01   .1064297E-01
   .9585007E-02   .9854074E-02   .8092327E-02   .6137801E-02   .6112101E-02
   .9286143E-02   .7600910E-02   .5312860E-02   .7283314E-02   .7423892E-02
   .5462254E-02   .3579159E-02   .2093868E-02   .3027000E-02   .1408098E-02
   .1550738E-02   .2304363E-02   .3844412E-02   .9064625E-02   .1061692E-01
   .6478640E-02   .2125144E-02   .2093392E-02   .3026564E-02   .3320200E-02
   .1828840E-02   .2666144E-02   .1719472E-02   .1916224E-02   .2493439E-02
   .6920193E-03   .1075443E-02   .4735111E-02   .6367023E-02   .4173939E-02
  -.6833811E-03  -.3431337E-02  -.2377749E-02  -.1710737E-02   .1707948E-04
   .7228597E-03   .1329705E-02   .5085526E-03  -.8368748E-03  -.9072981E-03
   .8899025E-03   .2285228E-02   .3370476E-02   .3512230E-02   .1748627E-02
   .8448879E-03  -.1779587E-02  -.1760218E-02   .1767565E-03   .3001742E-03
  -.1710244E-02  -.8842079E-02  -.1395430E-01  -.1415830E-01  -.1250281E-01
  -.1006499E-01  -.9856886E-02  -.7945376E-02  -.5050581E-02  -.3507282E-02
  -.3822419E-02  -.4147752E-02  -.4269081E-02  -.3482606E-02  -.4082667E-03
   .2502876E-02   .1804245E-02   .1358576E-02   .2923331E-02   .4128031E-02
   .5276635E-02   .6956661E-02   .1032275E-01   .1239651E-01   .1261285E-01
   .1068821E-01   .1068424E-01   .8975853E-02   .8434349E-02   .9386128E-02
   .8049033E-02   .7149519E-02   .6488691E-02   .4581426E-02   .3853286E-02
   .4807129E-02   .6798316E-02   .9088367E-02   .8033842E-02   .5705340E-02
   .4003123E-02   .2595688E-02  -.2221602E-02  -.4769387E-02  -.3719630E-02
  -.2163949E-02  -.1532383E-02  -.4543235E-02  -.6160763E-02  -.6892927E-02
  -.5743187E-02  -.5026943E-02  -.7781757E-02  -.6796226E-02  -.4243973E-02
  -.2401634E-02  -.2040334E-02  -.4389169E-02  -.4915261E-02  -.4492750E-02
  -.6082695E-02  -.9149597E-02  -.8175257E-02  -.5953451E-02  -.4707782E-02
  -.4768731E-02  -.7398037E-02  -.9751939E-02  -.1081248E-01  -.8515173E-02
  -.6682985E-02  -.5421995E-02  -.4903562E-02  -.5978365E-02  -.7081726E-02
  -.7169163E-02  -.4561757E-02  -.5222429E-02  -.5430218E-02  -.5068844E-02
  -.4360667E-02  -.2782426E-02  -.4102004E-02  -.4987059E-02  -.4518571E-02
  -.4469300E-02  -.4261928E-02  -.4446232E-02  -.6081995E-02  -.7095554E-02
  -.5287792E-02  -.1943905E-02   .2688019E-03   .1505371E-02   .2724604E-02
   .4734338E-02   .4018634E-02   .1846374E-02   .3466474E-02   .6663496E-02
   .9319921E-02   .9094848E-02   .7467276E-02   .8598807E-02   .9210138E-02
   .8919792E-02   .9808568E-02   .1007923E-01   .1048860E-01   .1251570E-01
   .1518337E-01   .1514701E-01   .1459351E-01   .1736726E-01   .1514402E-01
   .1602159E-01   .1615865E-01   .1462799E-01   .1300555E-01   .1046918E-01
   .9237391E-02   .8428906E-02   .8926022E-02   .6521236E-02   .5513853E-02
   .5027690E-02   .4640467E-02   .3668785E-02   .2197303E-02   .2702581E-02
   .2757021E-02   .3147040E-02   .3934859E-02   .1585158E-02   .2809578E-03
  -.5999430E-03  -.2319284E-02  -.4321165E-02  -.4428906E-02  -.4874268E-02
  -.6014251E-02  -.7571414E-02  -.8947017E-02  -.7572700E-02  -.6335065E-02
  -.6735551E-02  -.6025258E-02  -.9211366E-02  -.1172938E-01  -.1188404E-01
  -.1134817E-01  -.1005751E-01  -.1169526E-01  -.9244854E-02  -.8839552E-02
  -.9048291E-02  -.9326391E-02  -.1024914E-01  -.1072614E-01  -.1222518E-01
  -.1019299E-01  -.6084078E-02  -.4696531E-02  -.5156205E-02  -.4630561E-02
  -.4506801E-02  -.6670903E-02  -.8017988E-02  -.8742877E-02  -.9294366E-02
  -.9538839E-02  -.9132556E-02  -.8316237E-02  -.1130961E-01  -.1291683E-01
  -.1112030E-01  -.6551409E-02  -.4633506E-02  -.5120767E-02  -.5725332E-02
  -.8660601E-02  -.7889193E-02  -.5174692E-02  -.1725794E-02   .7745001E-03
   .1632589E-02   .3134294E-02   .3984213E-02   .5039148E-02   .6450058E-02
   .7800783E-02   .1016742E-01   .1103160E-01   .9631366E-02   .1077297E-01
   .1329870E-01   .1419448E-01   .1569306E-01   .1739054E-01   .1858618E-01
   .1767448E-01   .1717895E-01   .1565014E-01   .1167333E-01   .1087585E-01
   .9336820E-02   .6518705E-02   .3814825E-02   .3268237E-02   .2763461E-02
   .2830898E-02   .3597027E-02   .1701969E-02  -.4225980E-03  -.1962713E-02
  -.2691936E-02  -.1283247E-02   .1277012E-02   .2579603E-02   .3752646E-02
   .3472179E-02   .1865703E-02  -.2931341E-02  -.3420935E-02  -.1971520E-02
  -.2390753E-02  -.2974217E-02  -.5028529E-02  -.4783774E-02  -.6615747E-02
  -.7734752E-02  -.7405367E-02  -.6718993E-02  -.7403510E-02  -.7000718E-02
  -.5350477E-02  -.4727387E-02  -.4872369E-02  -.3921883E-02  -.1004849E-02
  -.1941259E-03  -.3432356E-03   .8428222E-03   .7120475E-03   .1085140E-02
   .6707798E-03  -.1304193E-02  -.1498200E-03   .1618580E-02   .4061186E-02
   .2902159E-02   .1286158E-02  -.2135769E-03  -.1180886E-02   .2150069E-02
   .3400212E-02   .6233781E-03   .9840499E-03   .1942426E-02   .1388128E-02
   .5471935E-03   .7741835E-03   .1518298E-02  -.6078843E-03  -.1851783E-02
  -.3630177E-02  -.4502828E-02  -.3917917E-02  -.5370982E-02  -.6263065E-02
  -.6063766E-02  -.6893662E-02  -.7180938E-02  -.5961691E-02  -.2943183E-02
  -.4348433E-02  -.7146001E-02  -.5718749E-02  -.4312936E-02  -.3892462E-02
  -.5406947E-02  -.7053032E-02  -.5703397E-02  -.5964362E-02  -.6174348E-02
  -.4602413E-02  -.2253260E-02  -.1369868E-02  -.1758437E-02  -.1430987E-02
  -.1215759E-02  -.4813727E-03   .1479032E-02   .1760493E-02   .1481953E-02
   .1380930E-02   .3049417E-02   .1499513E-02   .4832511E-03   .2556040E-02
   .3520438E-02   .4912830E-02   .5572041E-02   .5521334E-02   .6107819E-02
   .7338581E-02   .7898450E-02   .8307130E-02   .8655026E-02   .9199998E-02
   .7386754E-02   .5600937E-02   .3407563E-02   .1899615E-02   .7255409E-03
  -.5969286E-03   .7847175E-04   .1118720E-02   .1556515E-02   .1371401E-02
   .2281104E-02   .4159688E-02   .5870110E-02   .6411341E-02   .6866706E-02
   .6353134E-02   .4769307E-02   .5899005E-02   .5202828E-02   .3878950E-02
   .3474225E-02   .4614072E-02   .5847586E-02   .3759697E-02   .2747516E-02
   .2612697E-02   .2601333E-02   .2680265E-02   .2302587E-02   .3709241E-03
  -.7951550E-03   .1717821E-03   .9104313E-03   .2244016E-02   .8574145E-03
   .1143331E-04  -.6517990E-03  -.5691501E-03  -.3117754E-03   .9104144E-03
   .1136975E-02  -.4650414E-03  -.8098724E-03  -.2945561E-02  -.4692483E-02
  -.5600028E-02  -.4615859E-02  -.5002997E-02  -.6103034E-02  -.6563239E-02
  -.6232900E-02  -.4853512E-02  -.4430051E-02  -.4718972E-02  -.4709810E-02
  -.3684228E-02  -.2589762E-02  -.2427381E-02  -.1919841E-02  -.2235109E-02
  -.2468146E-02  -.2760475E-02  -.2944696E-02  -.3214410E-02  -.3598695E-02
  -.3027033E-02  -.2363734E-02  -.2117382E-02  -.1898629E-02  -.1841528E-02
  -.2159305E-02  -.1520573E-02  -.6289910E-03  -.1869541E-03  -.3109103E-03
  -.1253761E-03   .8843050E-04   .1381038E-03  -.2837854E-03  -.5158125E-03
  -.4186006E-03  -.1661818E-03   .4057097E-03   .5600103E-03   .6506034E-03
   .9557652E-03   .1222946E-02   .1453361E-02   .1540717E-02   .1358927E-02
   .1315735E-02   .1275720E-02   .1293238E-02   .1526479E-02   .1508596E-02
   .1070521E-02   .9252515E-03   .8622682E-03   .8512473E-03   .8241068E-03
   .7445060E-03   .7449575E-03   .5129607E-03   .4772603E-03   .6274199E-03
   .7499708E-03   .7922948E-03   .7739633E-03   .6656512E-03   .6699103E-03
   .4934495E-03   .4408104E-03   .4294735E-03   .4035871E-03   .4294626E-03
   .3638214E-03   .3566441E-03   .4422257E-03   .5149518E-03   .5282237E-03
   .4735101E-03   .4124472E-03   .4874778E-03   .5217515E-03   .5577568E-03
   .5090091E-03   .4784098E-03   .4224543E-03   .3460490E-03   .2923213E-03
   .3178178E-03   .2985151E-03   .2551223E-03   .2529731E-03   .2344580E-03
   .1992254E-03   .1546975E-03   .1359821E-03   .1284777E-03   .1258831E-03
   .1076939E-03   .9456789E-04   .6321011E-04   .4067383E-04   .1875699E-04
  -.1471951E-04  -.5983085E-04  -.9492861E-04  -.1176323E-03  -.1328287E-03
  -.1452023E-03  -.1615555E-03  -.1750322E-03  -.1853029E-03  -.1941235E-03
  -.2080404E-03  -.2229885E-03  -.2362966E-03  -.2462137E-03  -.2559645E-03
  -.2642268E-03  -.2727159E-03  -.2792768E-03  -.2839506E-03  -.2898288E-03
  -.2947262E-03  -.2996987E-03  -.3033850E-03  -.3063665E-03  -.3101331E-03
  -.3138757E-03  -.3178687E-03  -.3216950E-03  -.3257304E-03  -.3301011E-03
  -.3348096E-03  -.3399761E-03  -.3455901E-03  -.3516560E-03  -.3582323E-03
  -.3653320E-03  -.3729632E-03  -.3811443E-03  -.3898907E-03  -.3992142E-03
