PEER NGA STRONG MOTION DATABASE RECORD
Northridge-01, 1/17/1994, Arleta - Nordhoff Fire Sta, 90
VELOCITY TIME SERIES IN UNITS OF CM/S
NPTS=   2000, DT=   .0200 SEC                                              
   .0000000E+00  -.3739843E-01  -.5309905E-01  -.8788971E-01  -.1356530E+00
  -.1957822E+00  -.2434975E+00  -.2856328E+00  -.2941379E+00  -.2600747E+00
  -.2060185E+00  -.1440032E+00  -.5505941E-01   .1267517E-01   .1084273E-01
  -.6623103E-02  -.4425510E-01  -.8806389E-01  -.1425620E+00  -.1452647E+00
  -.1680317E+00  -.1399470E+00  -.5565195E-01   .9343686E-02  -.6864535E-01
  -.2017609E+00  -.2191857E+00  -.3759291E+00  -.5489187E+00  -.7290550E+00
  -.6489294E+00  -.7311196E+00  -.8886969E+00  -.9580642E+00  -.1095079E+01
  -.1005081E+01  -.1364244E+01  -.1590014E+01  -.1521095E+01  -.1574553E+01
  -.1675890E+01  -.1900274E+01  -.2048915E+01  -.2147434E+01  -.2174499E+01
  -.2214540E+01  -.2297800E+01  -.2261311E+01  -.2089891E+01  -.1822544E+01
  -.1590144E+01  -.1521045E+01  -.1442926E+01  -.1266248E+01  -.1093981E+01
  -.1099575E+01  -.1029899E+01  -.6796902E+00  -.3322196E+00  -.2061398E+00
  -.1673048E+00   .2399465E+00   .7428152E+00   .8545893E+00   .6185849E+00
   .6256083E+00   .1039429E+01   .1217188E+01   .1068097E+01   .1001642E+01
   .1237389E+01   .1535345E+01   .1628191E+01   .1653564E+01   .1933272E+01
   .2447674E+01   .2689058E+01   .2746174E+01   .2961004E+01   .3241178E+01
   .3420031E+01   .3369762E+01   .3264122E+01   .3409466E+01   .3783667E+01
   .3982551E+01   .3956685E+01   .4143312E+01   .4722513E+01   .5264765E+01
   .5463826E+01   .5504289E+01   .5476568E+01   .5449544E+01   .5340081E+01
   .5061282E+01   .4979300E+01   .5135245E+01   .5294463E+01   .5244104E+01
   .5174893E+01   .5305918E+01   .5497387E+01   .5759185E+01   .6001335E+01
   .6157194E+01   .6234627E+01   .6370993E+01   .6414829E+01   .6338166E+01
   .6360212E+01   .6818849E+01   .7411297E+01   .7485340E+01   .7320901E+01
   .6948728E+01   .6443455E+01   .6058604E+01   .5533240E+01   .5224057E+01
   .5570678E+01   .5844208E+01   .5625294E+01   .5115905E+01   .4909690E+01
   .5232858E+01   .5974883E+01   .7072193E+01   .8116106E+01   .8726858E+01
   .8780639E+01   .8325459E+01   .7448963E+01   .6913511E+01   .7049413E+01
   .7696498E+01   .8333214E+01   .8522297E+01   .8561407E+01   .8466269E+01
   .8461775E+01   .8751092E+01   .9238696E+01   .9983348E+01   .1093982E+02
   .1164678E+02   .1159820E+02   .1120584E+02   .1125370E+02   .1183418E+02
   .1236015E+02   .1254334E+02   .1222074E+02   .1077359E+02   .8402996E+01
   .5555221E+01   .2671359E+01   .1216380E+00  -.2326903E+01  -.4964638E+01
  -.8103005E+01  -.1156880E+02  -.1517999E+02  -.1920951E+02  -.2312352E+02
  -.2576832E+02  -.2737911E+02  -.2895125E+02  -.3108035E+02  -.3374856E+02
  -.3661613E+02  -.3948656E+02  -.4109377E+02  -.4043581E+02  -.3781879E+02
  -.3364146E+02  -.2842082E+02  -.2320176E+02  -.1812126E+02  -.1224251E+02
  -.5631059E+01  -.2105950E+00   .2053283E+01   .2174994E+01   .2838120E+01
   .5955508E+01   .1038235E+02   .1455733E+02   .1876904E+02   .2236318E+02
   .2513661E+02   .2687595E+02   .2690708E+02   .2547301E+02   .2311625E+02
   .2074454E+02   .1929760E+02   .1829522E+02   .1631560E+02   .1295075E+02
   .8579764E+01   .5458340E+01   .4772695E+01   .4101929E+01   .2410537E+01
   .3644800E+00  -.2067498E+01  -.4713259E+01  -.6078870E+01  -.5750170E+01
  -.5040865E+01  -.4328458E+01  -.3195654E+01  -.2212880E+01  -.2031817E+01
  -.2556358E+01  -.3754051E+01  -.5154345E+01  -.5896428E+01  -.5858689E+01
  -.6116267E+01  -.7153478E+01  -.8208918E+01  -.8962386E+01  -.9978823E+01
  -.1092466E+02  -.1070885E+02  -.9031802E+01  -.7208019E+01  -.7340701E+01
  -.9192053E+01  -.1071301E+02  -.1067978E+02  -.9721715E+01  -.8618329E+01
  -.6995585E+01  -.4880755E+01  -.2531210E+01  -.1345095E+01  -.2698172E+01
  -.5560530E+01  -.8479270E+01  -.1054807E+02  -.1224078E+02  -.1414674E+02
  -.1501798E+02  -.1352563E+02  -.9823534E+01  -.5327630E+01  -.1294921E+01
   .2139336E+01   .5405846E+01   .8090985E+01   .8314256E+01   .5379879E+01
   .1328920E+01  -.1659094E+01  -.3358429E+01  -.4968908E+01  -.7334074E+01
  -.9761542E+01  -.1071824E+02  -.9732078E+01  -.7679033E+01  -.5837858E+01
  -.5023506E+01  -.5375032E+01  -.6632558E+01  -.8903116E+01  -.1222700E+02
  -.1577381E+02  -.1842976E+02  -.1874114E+02  -.1759984E+02  -.1757838E+02
  -.1867222E+02  -.1955241E+02  -.1928978E+02  -.1792395E+02  -.1602273E+02
  -.1357017E+02  -.1038942E+02  -.6378500E+01  -.1476285E+01   .3256150E+01
   .6685103E+01   .9386564E+01   .1122164E+02   .1043017E+02   .6813938E+01
   .3069486E+01   .5423241E+00  -.1252619E+01  -.1805829E+01  -.1191404E+01
  -.2991516E+00  -.3917812E+00  -.2162739E+01  -.4568151E+01  -.5949115E+01
  -.6102228E+01  -.5963784E+01  -.5638144E+01  -.5157312E+01  -.4539580E+01
  -.3388544E+01  -.1762362E+01   .3519290E+00   .3090053E+01   .5728729E+01
   .7117393E+01   .7261544E+01   .6891493E+01   .6456638E+01   .6224900E+01
   .5793795E+01   .4811353E+01   .3650295E+01   .2450047E+01   .1205119E+01
   .1839290E+00  -.4595648E+00  -.7662171E+00  -.8976056E+00  -.8287376E+00
  -.4609621E+00   .4933328E+00   .1872259E+01   .2986341E+01   .3776914E+01
   .4527126E+01   .5782721E+01   .7718555E+01   .9748956E+01   .1157958E+02
   .1339449E+02   .1486984E+02   .1562197E+02   .1571352E+02   .1512218E+02
   .1367352E+02   .1140369E+02   .9659222E+01   .9362428E+01   .9508491E+01
   .8738542E+01   .7105327E+01   .5164697E+01   .3429410E+01   .2781832E+01
   .2741992E+01   .2972912E+01   .3685376E+01   .4399491E+01   .4370117E+01
   .3869342E+01   .3756313E+01   .3739698E+01   .3173025E+01   .1689074E+01
  -.1815851E+00  -.1745816E+01  -.3120571E+01  -.4505471E+01  -.5795196E+01
  -.6821526E+01  -.7380567E+01  -.7332215E+01  -.6614262E+01  -.5018854E+01
  -.3082550E+01  -.1798579E+01  -.1220217E+01  -.6285229E+00   .4458241E+00
   .1911115E+01   .3043971E+01   .3231494E+01   .2778849E+01   .2076230E+01
   .1180622E+01  -.1516294E+00  -.2045378E+01  -.4404103E+01  -.6761332E+01
  -.8135278E+01  -.7728891E+01  -.5845055E+01  -.3917597E+01  -.2562323E+01
  -.1792484E+01  -.2026377E+01  -.3361011E+01  -.4956653E+01  -.5572367E+01
  -.5348886E+01  -.5384092E+01  -.6322294E+01  -.7496889E+01  -.7864811E+01
  -.8057319E+01  -.9159272E+01  -.1086593E+02  -.1244226E+02  -.1331549E+02
  -.1318867E+02  -.1253561E+02  -.1178599E+02  -.1092416E+02  -.9429997E+01
  -.7092238E+01  -.4509149E+01  -.2403512E+01  -.7105771E+00   .1415158E+01
   .4422464E+01   .7967804E+01   .1115898E+02   .1354068E+02   .1559100E+02
   .1756984E+02   .1860146E+02   .1804742E+02   .1633790E+02   .1423911E+02
   .1271789E+02   .1188018E+02   .1078701E+02   .9622859E+01   .9466652E+01
   .1034368E+02   .1164050E+02   .1264521E+02   .1266125E+02   .1179822E+02
   .1067796E+02   .9551558E+01   .8298230E+01   .6731407E+01   .4985694E+01
   .3322730E+01   .1751319E+01   .1177823E+00  -.1421061E+01  -.2356975E+01
  -.3100593E+01  -.4586338E+01  -.6577203E+01  -.7836872E+01  -.7886281E+01
  -.6930681E+01  -.5332163E+01  -.4056742E+01  -.3394528E+01  -.2794571E+01
  -.2724001E+01  -.3992576E+01  -.6421556E+01  -.9284261E+01  -.1161830E+02
  -.1306963E+02  -.1380435E+02  -.1378135E+02  -.1317858E+02  -.1271935E+02
  -.1266856E+02  -.1279674E+02  -.1331011E+02  -.1395604E+02  -.1419947E+02
  -.1409010E+02  -.1365177E+02  -.1263415E+02  -.1080196E+02  -.8016430E+01
  -.4335118E+01  -.5549287E+00   .2237907E+01   .3985394E+01   .5581103E+01
   .7686386E+01   .9853044E+01   .1168514E+02   .1360219E+02   .1566948E+02
   .1702119E+02   .1670066E+02   .1496227E+02   .1272625E+02   .1059167E+02
   .8926601E+01   .7626854E+01   .6072425E+01   .4049962E+01   .2497488E+01
   .2532987E+01   .4112335E+01   .6534364E+01   .9072077E+01   .1109741E+02
   .1244436E+02   .1316914E+02   .1338908E+02   .1343497E+02   .1345020E+02
   .1322242E+02   .1272001E+02   .1204456E+02   .1121751E+02   .1069368E+02
   .1098116E+02   .1177718E+02   .1223593E+02   .1198328E+02   .1137049E+02
   .1120767E+02   .1179099E+02   .1200295E+02   .1123174E+02   .1005588E+02
   .8784097E+01   .7381309E+01   .6080917E+01   .5182745E+01   .4323265E+01
   .2990209E+01   .1064356E+01  -.1295507E+01  -.3787366E+01  -.6108385E+01
  -.7555998E+01  -.7673944E+01  -.6889329E+01  -.5610129E+01  -.3970785E+01
  -.2095813E+01  -.7558141E-01   .1987410E+01   .4000420E+01   .5701081E+01
   .6630843E+01   .6689046E+01   .6096004E+01   .4818875E+01   .2964110E+01
   .9500767E+00  -.1036555E+01  -.3014525E+01  -.4593942E+01  -.5002038E+01
  -.4077937E+01  -.2321222E+01  -.3388595E+00   .1541985E+01   .3347245E+01
   .5106033E+01   .6686767E+01   .7860641E+01   .8576200E+01   .8984341E+01
   .9206208E+01   .9312640E+01   .9380956E+01   .9463231E+01   .9439043E+01
   .9121922E+01   .8637662E+01   .8071273E+01   .7072197E+01   .5313388E+01
   .2793597E+01  -.1855015E+00  -.3073828E+01  -.5628775E+01  -.8027921E+01
  -.1020498E+02  -.1187114E+02  -.1283709E+02  -.1298701E+02  -.1247735E+02
  -.1170505E+02  -.1091346E+02  -.1010330E+02  -.9324661E+01  -.9005960E+01
  -.9418142E+01  -.1017009E+02  -.1083843E+02  -.1110549E+02  -.1080231E+02
  -.1015786E+02  -.9431303E+01  -.8636172E+01  -.7642688E+01  -.6407085E+01
  -.5050097E+01  -.3892348E+01  -.3071613E+01  -.2421343E+01  -.1758428E+01
  -.1043503E+01  -.3965408E+00   .2343146E+00   .1000640E+01   .1918068E+01
   .2786337E+01   .3194781E+01   .3160593E+01   .2975196E+01   .2742922E+01
   .2676873E+01   .2803573E+01   .3001440E+01   .3212637E+01   .3312801E+01
   .3252337E+01   .3095202E+01   .2784180E+01   .2148272E+01   .1232575E+01
   .1591713E+00  -.1078559E+01  -.2496128E+01  -.4042999E+01  -.5516789E+01
  -.6543069E+01  -.6907752E+01  -.6782349E+01  -.6407905E+01  -.6002104E+01
  -.5788650E+01  -.5721468E+01  -.5726820E+01  -.5988376E+01  -.6600665E+01
  -.7398139E+01  -.8085966E+01  -.8485085E+01  -.8714820E+01  -.8958060E+01
  -.9141547E+01  -.8915593E+01  -.8121009E+01  -.6916143E+01  -.5469803E+01
  -.3936496E+01  -.2537096E+01  -.1576567E+01  -.1031325E+01  -.5721341E+00
  -.6152909E-01   .4866487E+00   .9921808E+00   .1317212E+01   .1489726E+01
   .1636457E+01   .1723220E+01   .1629864E+01   .1073637E+01  -.6940455E-01
  -.1408207E+01  -.2557508E+01  -.3375252E+01  -.3836106E+01  -.4029170E+01
  -.4139623E+01  -.4301421E+01  -.4413952E+01  -.4320388E+01  -.4056494E+01
  -.3705929E+01  -.3271793E+01  -.2744394E+01  -.2289291E+01  -.2232589E+01
  -.2783592E+01  -.3934838E+01  -.5446331E+01  -.7082886E+01  -.8642529E+01
  -.9779162E+01  -.1024051E+02  -.1014001E+02  -.9814401E+01  -.9465368E+01
  -.9120092E+01  -.8721686E+01  -.8192933E+01  -.7541692E+01  -.6884547E+01
  -.6286205E+01  -.5739854E+01  -.5256916E+01  -.4781486E+01  -.4207550E+01
  -.3533089E+01  -.2859204E+01  -.2254313E+01  -.1762279E+01  -.1390154E+01
  -.9484577E+00  -.2523687E+00   .5807097E+00   .1394540E+01   .2213326E+01
   .3096004E+01   .4028481E+01   .4982175E+01   .5921362E+01   .6799937E+01
   .7591477E+01   .8225754E+01   .8667684E+01   .8971764E+01   .9146585E+01
   .9119967E+01   .8888952E+01   .8588784E+01   .8405833E+01   .8570935E+01
   .9253938E+01   .1037240E+02   .1171582E+02   .1316470E+02   .1467918E+02
   .1623403E+02   .1767845E+02   .1874289E+02   .1939154E+02   .1965251E+02
   .1946064E+02   .1895193E+02   .1824679E+02   .1732156E+02   .1624895E+02
   .1516241E+02   .1403829E+02   .1274183E+02   .1125123E+02   .9677646E+01
   .8126534E+01   .6603238E+01   .5173776E+01   .4053692E+01   .3345485E+01
   .2965488E+01   .2793686E+01   .2447588E+01   .1492066E+01   .7563624E-01
  -.1438262E+01  -.2851247E+01  -.3967907E+01  -.4721854E+01  -.5170687E+01
  -.5327305E+01  -.5205120E+01  -.4887252E+01  -.4497735E+01  -.4167822E+01
  -.3982514E+01  -.3955713E+01  -.4081187E+01  -.4310911E+01  -.4561777E+01
  -.4810671E+01  -.5126863E+01  -.5584370E+01  -.6172280E+01  -.6785634E+01
  -.7319068E+01  -.7713867E+01  -.7918676E+01  -.7925614E+01  -.7701086E+01
  -.7140502E+01  -.6166954E+01  -.4845129E+01  -.3332323E+01  -.1748321E+01
  -.1928742E+00   .1131966E+01   .1971500E+01   .2181364E+01   .1799170E+01
   .1077536E+01   .2190048E+00  -.7170178E+00  -.1632501E+01  -.2381199E+01
  -.2921248E+01  -.3346857E+01  -.3732606E+01  -.4144492E+01  -.4651572E+01
  -.5257467E+01  -.5877318E+01  -.6447129E+01  -.6998552E+01  -.7540630E+01
  -.7955918E+01  -.8183002E+01  -.8366686E+01  -.8587671E+01  -.8711161E+01
  -.8559217E+01  -.8086734E+01  -.7230066E+01  -.5926405E+01  -.4398407E+01
  -.2915401E+01  -.1516853E+01  -.1787387E+00   .1038224E+01   .2044705E+01
   .2810642E+01   .3450905E+01   .4093450E+01   .4738496E+01   .5250828E+01
   .5494961E+01   .5518530E+01   .5372690E+01   .5088774E+01   .4825990E+01
   .4765377E+01   .4885084E+01   .4950342E+01   .4792215E+01   .4444655E+01
   .3995471E+01   .3507132E+01   .3025990E+01   .2595071E+01   .2243007E+01
   .2000273E+01   .1983579E+01   .2242272E+01   .2691792E+01   .3224797E+01
   .3674328E+01   .3871606E+01   .3833393E+01   .3673652E+01   .3444637E+01
   .3158400E+01   .2846864E+01   .2545573E+01   .2232474E+01   .1854121E+01
   .1363098E+01   .8097708E+00   .3240333E+00  -.4816962E-01  -.3677751E+00
  -.7194326E+00  -.1135156E+01  -.1638008E+01  -.2251152E+01  -.2924272E+01
  -.3564068E+01  -.4147418E+01  -.4776893E+01  -.5527823E+01  -.6363523E+01
  -.7199394E+01  -.7897372E+01  -.8276546E+01  -.8340478E+01  -.8216081E+01
  -.7842100E+01  -.7150767E+01  -.6265206E+01  -.5366887E+01  -.4535368E+01
  -.3734678E+01  -.2970646E+01  -.2379957E+01  -.2032730E+01  -.1809402E+01
  -.1621053E+01  -.1504708E+01  -.1512252E+01  -.1599732E+01  -.1613620E+01
  -.1418092E+01  -.1017708E+01  -.5387536E+00  -.1456062E+00   .3604000E-01
   .2391662E-01  -.5062220E-01  -.3353981E-01   .1524020E+00   .4244237E+00
   .6290884E+00   .7254112E+00   .7987312E+00   .8805016E+00   .8972639E+00
   .7853409E+00   .5497830E+00   .2252935E+00  -.1593247E+00  -.5676777E+00
  -.9609015E+00  -.1341377E+01  -.1755829E+01  -.2223680E+01  -.2707987E+01
  -.3180717E+01  -.3651161E+01  -.4119809E+01  -.4525355E+01  -.4786290E+01
  -.4900094E+01  -.4970450E+01  -.5118780E+01  -.5376858E+01  -.5676417E+01
  -.5957441E+01  -.6213830E+01  -.6403208E+01  -.6487503E+01  -.6513909E+01
  -.6563386E+01  -.6665337E+01  -.6755166E+01  -.6731221E+01  -.6471729E+01
  -.5905164E+01  -.5076549E+01  -.4061844E+01  -.2954320E+01  -.1855557E+01
  -.8324935E+00   .6588510E-01   .7874427E+00   .1304146E+01   .1696813E+01
   .2134824E+01   .2694625E+01   .3351093E+01   .4078127E+01   .4833030E+01
   .5536973E+01   .6130871E+01   .6626103E+01   .7054454E+01   .7408131E+01
   .7602006E+01   .7560910E+01   .7235917E+01   .6606534E+01   .5809258E+01
   .5088793E+01   .4688086E+01   .4657784E+01   .4877372E+01   .5248929E+01
   .5668854E+01   .6013542E+01   .6173572E+01   .6105409E+01   .5880210E+01
   .5623958E+01   .5401731E+01   .5253813E+01   .5249820E+01   .5400905E+01
   .5605376E+01   .5721086E+01   .5713132E+01   .5645541E+01   .5580978E+01
   .5550758E+01   .5555031E+01   .5546190E+01   .5448166E+01   .5238249E+01
   .4899044E+01   .4383807E+01   .3664345E+01   .2770370E+01   .1781181E+01
   .7676757E+00  -.2026790E+00  -.1064476E+01  -.1799933E+01  -.2458357E+01
  -.3107735E+01  -.3777990E+01  -.4432999E+01  -.5023067E+01  -.5537482E+01
  -.5993046E+01  -.6389190E+01  -.6701342E+01  -.6929941E+01  -.7079428E+01
  -.7117320E+01  -.7011294E+01  -.6793943E+01  -.6570679E+01  -.6470267E+01
  -.6552122E+01  -.6766791E+01  -.6995410E+01  -.7131798E+01  -.7139310E+01
  -.7035830E+01  -.6853050E+01  -.6636496E+01  -.6414441E+01  -.6142421E+01
  -.5752427E+01  -.5234971E+01  -.4671089E+01  -.4160445E+01  -.3758803E+01
  -.3477726E+01  -.3289910E+01  -.3146500E+01  -.2999982E+01  -.2815802E+01
  -.2558385E+01  -.2214182E+01  -.1798032E+01  -.1331520E+01  -.8565898E+00
  -.4362883E+00  -.1013691E+00   .1936024E+00   .5311752E+00   .9480431E+00
   .1442356E+01   .2015153E+01   .2641503E+01   .3299161E+01   .3969257E+01
   .4612485E+01   .5176419E+01   .5644159E+01   .6055697E+01   .6455988E+01
   .6855525E+01   .7236284E+01   .7606596E+01   .7969291E+01   .8317750E+01
   .8646050E+01   .8929359E+01   .9138084E+01   .9227419E+01   .9175192E+01
   .8996164E+01   .8761274E+01   .8569351E+01   .8442959E+01   .8335031E+01
   .8194873E+01   .7998851E+01   .7732445E+01   .7387611E+01   .6986664E+01
   .6575928E+01   .6180776E+01   .5791816E+01   .5372095E+01   .4869377E+01
   .4267899E+01   .3616197E+01   .2965457E+01   .2327440E+01   .1687304E+01
   .1036677E+01   .3963032E+00  -.1740022E+00  -.5976306E+00  -.8752121E+00
  -.1101887E+01  -.1354965E+01  -.1621273E+01  -.1861678E+01  -.2044897E+01
  -.2135934E+01  -.2130051E+01  -.2072722E+01  -.2026485E+01  -.2016351E+01
  -.2010097E+01  -.1976751E+01  -.1929603E+01  -.1883366E+01  -.1810776E+01
  -.1705352E+01  -.1595139E+01  -.1488536E+01  -.1424999E+01  -.1439600E+01
  -.1552513E+01  -.1783090E+01  -.2085105E+01  -.2378289E+01  -.2611508E+01
  -.2835887E+01  -.3138945E+01  -.3532524E+01  -.3972729E+01  -.4373020E+01
  -.4683022E+01  -.4870292E+01  -.4891675E+01  -.4785294E+01  -.4633580E+01
  -.4497788E+01  -.4417864E+01  -.4433981E+01  -.4548550E+01  -.4669221E+01
  -.4737657E+01  -.4829156E+01  -.5028519E+01  -.5356877E+01  -.5784737E+01
  -.6276775E+01  -.6787697E+01  -.7249204E+01  -.7614501E+01  -.7893441E+01
  -.8119855E+01  -.8266482E+01  -.8304817E+01  -.8245694E+01  -.8117163E+01
  -.7950789E+01  -.7753803E+01  -.7507683E+01  -.7197446E+01  -.6853767E+01
  -.6507168E+01  -.6174741E+01  -.5869428E+01  -.5578278E+01  -.5271437E+01
  -.4933122E+01  -.4588298E+01  -.4250075E+01  -.3913933E+01  -.3577801E+01
  -.3209226E+01  -.2780615E+01  -.2298729E+01  -.1782959E+01  -.1267549E+01
  -.7697317E+00  -.3052279E+00   .1162611E+00   .5178879E+00   .8871811E+00
   .1194568E+01   .1424646E+01   .1613730E+01   .1845599E+01   .2149937E+01
   .2506550E+01   .2881827E+01   .3243702E+01   .3565294E+01   .3853953E+01
   .4140363E+01   .4427064E+01   .4710795E+01   .4996098E+01   .5298394E+01
   .5649286E+01   .6064248E+01   .6532286E+01   .7010107E+01   .7420093E+01
   .7672533E+01   .7678748E+01   .7463641E+01   .7146834E+01   .6815679E+01
   .6536651E+01   .6380850E+01   .6382178E+01   .6476810E+01   .6527119E+01
   .6454348E+01   .6295531E+01   .6110553E+01   .5942052E+01   .5820318E+01
   .5764506E+01   .5762433E+01   .5766434E+01   .5723115E+01   .5600321E+01
   .5408223E+01   .5168405E+01   .4898248E+01   .4649568E+01   .4485962E+01
   .4419892E+01   .4395831E+01   .4335122E+01   .4214742E+01   .4072375E+01
   .3962027E+01   .3913251E+01   .3896266E+01   .3863194E+01   .3794485E+01
   .3720442E+01   .3690731E+01   .3640084E+01   .3495343E+01   .3304315E+01
   .3093162E+01   .2852653E+01   .2615812E+01   .2409583E+01   .2226574E+01
   .2037202E+01   .1813525E+01   .1554083E+01   .1269017E+01   .1009352E+01
   .8341756E+00   .7109242E+00   .5427474E+00   .3077129E+00   .2955340E-01
  -.2787194E+00  -.5836316E+00  -.8802325E+00  -.1191934E+01  -.1537949E+01
  -.1885163E+01  -.2186571E+01  -.2426791E+01  -.2610333E+01  -.2751879E+01
  -.2834796E+01  -.2853324E+01  -.2824945E+01  -.2768350E+01  -.2717602E+01
  -.2701306E+01  -.2712309E+01  -.2695246E+01  -.2598500E+01  -.2437264E+01
  -.2280784E+01  -.2200338E+01  -.2178014E+01  -.2120181E+01  -.1993236E+01
  -.1845893E+01  -.1719338E+01  -.1612799E+01  -.1507064E+01  -.1379631E+01
  -.1222709E+01  -.1056789E+01  -.9089743E+00  -.8072279E+00  -.7688912E+00
  -.7535998E+00  -.7507421E+00  -.8060231E+00  -.9364042E+00  -.1091240E+01
  -.1202992E+01  -.1275711E+01  -.1338070E+01  -.1393579E+01  -.1434877E+01
  -.1443602E+01  -.1389540E+01  -.1272121E+01  -.1120028E+01  -.9834053E+00
  -.9070287E+00  -.8689652E+00  -.8017570E+00  -.6403070E+00  -.3533712E+00
   .3912838E-01   .4791254E+00   .9054336E+00   .1278939E+01   .1580189E+01
   .1818326E+01   .2023513E+01   .2238715E+01   .2516637E+01   .2876563E+01
   .3314853E+01   .3782130E+01   .4184636E+01   .4461732E+01   .4611731E+01
   .4660614E+01   .4628385E+01   .4540845E+01   .4447262E+01   .4391420E+01
   .4369158E+01   .4357535E+01   .4344990E+01   .4323342E+01   .4322083E+01
   .4404833E+01   .4576101E+01   .4796504E+01   .5031727E+01   .5224725E+01
   .5319122E+01   .5309937E+01   .5238546E+01   .5158204E+01   .5127109E+01
   .5200266E+01   .5360824E+01   .5549557E+01   .5738971E+01   .5921907E+01
   .6105205E+01   .6292016E+01   .6497162E+01   .6703222E+01   .6858169E+01
   .6938431E+01   .6931068E+01   .6844250E+01   .6692289E+01   .6469155E+01
   .6163897E+01   .5774256E+01   .5309291E+01   .4768913E+01   .4148593E+01
   .3420678E+01   .2552953E+01   .1588695E+01   .6444357E+00  -.1746323E+00
  -.8595880E+00  -.1442425E+01  -.1950655E+01  -.2401491E+01  -.2776690E+01
  -.3072931E+01  -.3320808E+01  -.3541452E+01  -.3735684E+01  -.3915314E+01
  -.4110826E+01  -.4369255E+01  -.4726903E+01  -.5172560E+01  -.5660681E+01
  -.6141860E+01  -.6587663E+01  -.6977728E+01  -.7301503E+01  -.7545617E+01
  -.7699849E+01  -.7791611E+01  -.7850216E+01  -.7911567E+01  -.7986076E+01
  -.8038599E+01  -.8045523E+01  -.8015478E+01  -.7949184E+01  -.7854823E+01
  -.7752065E+01  -.7624929E+01  -.7447301E+01  -.7197090E+01  -.6869344E+01
  -.6490816E+01  -.6110971E+01  -.5760922E+01  -.5439109E+01  -.5138871E+01
  -.4869629E+01  -.4651994E+01  -.4516441E+01  -.4492741E+01  -.4572874E+01
  -.4714445E+01  -.4854706E+01  -.4945473E+01  -.4968042E+01  -.4939097E+01
  -.4902370E+01  -.4859742E+01  -.4816924E+01  -.4813209E+01  -.4862269E+01
  -.4959273E+01  -.5084999E+01  -.5201272E+01  -.5287890E+01  -.5342512E+01
  -.5360718E+01  -.5334886E+01  -.5250906E+01  -.5101945E+01  -.4879903E+01
  -.4591950E+01  -.4265649E+01  -.3928924E+01  -.3590354E+01  -.3249169E+01
  -.2911831E+01  -.2576228E+01  -.2229928E+01  -.1845170E+01  -.1399619E+01
  -.9122186E+00  -.4328731E+00   .4133797E-02   .3820803E+00   .6970863E+00
   .9585029E+00   .1181742E+01   .1408368E+01   .1668916E+01   .1954373E+01
   .2247418E+01   .2536241E+01   .2799799E+01   .2998868E+01   .3117036E+01
   .3199839E+01   .3265718E+01   .3302063E+01   .3283791E+01   .3172278E+01
   .2999127E+01   .2792503E+01   .2586327E+01   .2422767E+01   .2287509E+01
   .2163773E+01   .2061539E+01   .1973918E+01   .1873506E+01   .1741421E+01
   .1575113E+01   .1403166E+01   .1235030E+01   .1055655E+01   .8739904E+00
   .7329324E+00   .6549632E+00   .6217408E+00   .6032122E+00   .5816355E+00
   .5414792E+00   .4733422E+00   .3984272E+00   .3211848E+00   .2291336E+00
   .1201036E+00   .1831762E-01  -.4966139E-01  -.7533234E-01  -.8521802E-01
  -.1067813E+00  -.1415923E+00  -.1886408E+00  -.2294746E+00  -.2407611E+00
  -.2175296E+00  -.1579698E+00  -.4764996E-01   .8788712E-01   .2159780E+00
   .3505942E+00   .5058776E+00   .6756674E+00   .8488325E+00   .1024383E+01
   .1206249E+01   .1376169E+01   .1514231E+01   .1609014E+01   .1657197E+01
   .1654520E+01   .1604253E+01   .1533779E+01   .1441859E+01   .1305520E+01
   .1116621E+01   .8796523E+00   .6066458E+00   .3251942E+00   .7357207E-01
  -.1350993E+00  -.2989496E+00  -.4161685E+00  -.5155393E+00  -.6268651E+00
  -.7518562E+00  -.8827716E+00  -.1013431E+01  -.1145263E+01  -.1266839E+01
  -.1368665E+01  -.1481147E+01  -.1602492E+01  -.1686148E+01  -.1706299E+01
  -.1680640E+01  -.1643062E+01  -.1610479E+01  -.1608412E+01  -.1647613E+01
  -.1698039E+01  -.1699634E+01  -.1638445E+01  -.1543395E+01  -.1419126E+01
  -.1269448E+01  -.1106182E+01  -.9351585E+00  -.7612085E+00  -.5716805E+00
  -.3373612E+00  -.4126892E-01   .3183165E+00   .7040210E+00   .1089952E+01
   .1456506E+01   .1783213E+01   .2062510E+01   .2278916E+01   .2433701E+01
   .2522635E+01   .2542807E+01   .2522490E+01   .2493518E+01   .2464442E+01
   .2435131E+01   .2396244E+01   .2339980E+01   .2258089E+01   .2144860E+01
   .2003893E+01   .1852639E+01   .1740645E+01   .1715155E+01   .1776649E+01
   .1869641E+01   .1965278E+01   .2077471E+01   .2201190E+01   .2323172E+01
   .2443269E+01   .2566399E+01   .2690383E+01   .2814531E+01   .2935462E+01
   .3049956E+01   .3120468E+01   .3103233E+01   .3000862E+01   .2835927E+01
   .2639741E+01   .2426465E+01   .2204891E+01   .1991890E+01   .1796343E+01
   .1610629E+01   .1408264E+01   .1189840E+01   .9650257E+00   .7302117E+00
   .4788768E+00   .1850980E+00  -.1500348E+00  -.5068796E+00  -.8558233E+00
  -.1169913E+01  -.1447259E+01  -.1694313E+01  -.1938136E+01  -.2187761E+01
  -.2415694E+01  -.2612276E+01  -.2790396E+01  -.2947546E+01  -.3093407E+01
  -.3252282E+01  -.3406858E+01  -.3512231E+01  -.3564552E+01  -.3575071E+01
  -.3530717E+01  -.3433001E+01  -.3301145E+01  -.3180994E+01  -.3124895E+01
  -.3124676E+01  -.3133994E+01  -.3128405E+01  -.3099828E+01  -.3045315E+01
  -.2977756E+01  -.2907312E+01  -.2846637E+01  -.2807370E+01  -.2783552E+01
  -.2766803E+01  -.2736709E+01  -.2667469E+01  -.2544171E+01  -.2377217E+01
  -.2215013E+01  -.2098632E+01  -.2018555E+01  -.1945178E+01  -.1871192E+01
  -.1801726E+01  -.1751643E+01  -.1740385E+01  -.1760572E+01  -.1790712E+01
  -.1816104E+01  -.1809144E+01  -.1756602E+01  -.1670709E+01  -.1568358E+01
  -.1473781E+01  -.1384229E+01  -.1288661E+01  -.1194988E+01  -.1123602E+01
  -.1090326E+01  -.1087069E+01  -.1108412E+01  -.1136511E+01  -.1137444E+01
  -.1088270E+01  -.9790963E+00  -.8341169E+00  -.7017674E+00  -.6050808E+00
  -.5320260E+00  -.4634413E+00  -.3912364E+00  -.3194819E+00  -.2419377E+00
  -.1523234E+00  -.4845928E-01   .7187461E-01   .2175188E+00   .4050847E+00
   .6218505E+00   .8444931E+00   .1034638E+01   .1168022E+01   .1251496E+01
   .1289649E+01   .1303383E+01   .1305150E+01   .1286468E+01   .1230615E+01
   .1126159E+01   .9799396E+00   .8055590E+00   .6290591E+00   .4745823E+00
   .3453884E+00   .2309557E+00   .1264433E+00   .5152297E-01   .2912666E-01
   .5011292E-01   .1003798E+00   .1655851E+00   .2177554E+00   .2531798E+00
   .2926301E+00   .3553979E+00   .4297415E+00   .5056093E+00   .5841208E+00
   .6695162E+00   .7661553E+00   .8686872E+00   .9739009E+00   .1065524E+01
   .1149047E+01   .1263223E+01   .1422784E+01   .1599686E+01   .1754104E+01
   .1861855E+01   .1927639E+01   .1976618E+01   .2035755E+01   .2104849E+01
   .2169848E+01   .2215489E+01   .2241033E+01   .2258810E+01   .2282951E+01
   .2320277E+01   .2350754E+01   .2369122E+01   .2393021E+01   .2442754E+01
   .2510620E+01   .2586616E+01   .2672012E+01   .2748536E+01   .2825488E+01
   .2926390E+01   .3044582E+01   .3149328E+01   .3228407E+01   .3287740E+01
   .3336246E+01   .3396589E+01   .3469646E+01   .3563029E+01   .3670045E+01
   .3776925E+01   .3872774E+01   .3949762E+01   .4015450E+01   .4053555E+01
   .4052445E+01   .3996467E+01   .3886852E+01   .3727399E+01   .3514478E+01
   .3252068E+01   .2939918E+01   .2594440E+01   .2220134E+01   .1826270E+01
   .1432311E+01   .1043925E+01   .6820746E+00   .3584307E+00   .6525180E-01
  -.2024132E+00  -.4497954E+00  -.6833962E+00  -.9042861E+00  -.1122537E+01
  -.1356661E+01  -.1626962E+01  -.1935839E+01  -.2239750E+01  -.2518701E+01
  -.2760023E+01  -.2948794E+01  -.3085606E+01  -.3176228E+01  -.3250755E+01
  -.3326489E+01  -.3388580E+01  -.3412725E+01  -.3390024E+01  -.3329358E+01
  -.3241899E+01  -.3132779E+01  -.2994476E+01  -.2825311E+01  -.2627396E+01
  -.2401210E+01  -.2167707E+01  -.1920946E+01  -.1662348E+01  -.1423428E+01
  -.1225537E+01  -.1078588E+01  -.9766704E+00  -.9148543E+00  -.8841292E+00
  -.8596929E+00  -.8418260E+00  -.8360397E+00  -.8351636E+00  -.8477992E+00
  -.8708768E+00  -.8944657E+00  -.9151961E+00  -.9363188E+00  -.9606048E+00
  -.9787829E+00  -.9759309E+00  -.9351125E+00  -.8339451E+00  -.6673017E+00
  -.4637159E+00  -.2598605E+00  -.7783479E-01   .6371179E-01   .1664899E+00
   .2512106E+00   .3434382E+00   .4595604E+00   .5752077E+00   .6715206E+00
   .7514109E+00   .8114061E+00   .8472462E+00   .8618874E+00   .8713333E+00
   .8945283E+00   .9303728E+00   .9580292E+00   .9591734E+00   .9391627E+00
   .9231802E+00   .9320945E+00   .9420571E+00   .9284245E+00   .8919368E+00
   .8255078E+00   .7328657E+00   .6276195E+00   .5366294E+00   .4823973E+00
   .4799332E+00   .5341557E+00   .6387775E+00   .7790789E+00   .9291337E+00
   .1068143E+01   .1180450E+01   .1274813E+01   .1360973E+01   .1425457E+01
   .1469159E+01   .1494075E+01   .1491276E+01   .1463627E+01   .1426142E+01
   .1400659E+01   .1398140E+01   .1426615E+01   .1481906E+01   .1547612E+01
   .1619148E+01   .1679602E+01   .1703857E+01   .1693704E+01   .1664353E+01
   .1617169E+01   .1548961E+01   .1461112E+01   .1354159E+01   .1236884E+01
   .1121316E+01   .1011327E+01   .9135588E+00   .8278962E+00   .7440811E+00
   .6609530E+00   .5805061E+00   .5104613E+00   .4575839E+00   .4148247E+00
   .3699154E+00   .3119399E+00   .2390604E+00   .1527936E+00   .5728638E-01
  -.3904684E-01  -.1320073E+00  -.2212061E+00  -.3054335E+00  -.3837538E+00
  -.4578756E+00  -.5285896E+00  -.5949974E+00  -.6562724E+00  -.7069931E+00
  -.7426505E+00  -.7703733E+00  -.7971997E+00  -.8236910E+00  -.8522744E+00
  -.8869504E+00  -.9266652E+00  -.9614715E+00  -.9903346E+00  -.1021886E+01
  -.1057480E+01  -.1091825E+01  -.1118971E+01  -.1133823E+01  -.1132600E+01
  -.1120073E+01  -.1101318E+01  -.1076578E+01  -.1046871E+01  -.1011572E+01
  -.9707638E+00  -.9288024E+00  -.8918240E+00  -.8597953E+00  -.8268909E+00
  -.7910286E+00  -.7552539E+00  -.7212148E+00  -.6918938E+00  -.6694842E+00
  -.6499808E+00  -.6289637E+00  -.6055878E+00  -.5813016E+00  -.5576717E+00
  -.5361599E+00  -.5164158E+00  -.4971644E+00  -.4776660E+00  -.4581074E+00
  -.4394203E+00  -.4220124E+00  -.4054899E+00  -.3895008E+00  -.3738747E+00
  -.3575081E+00  -.3398558E+00  -.3218079E+00  -.3044204E+00  -.2882310E+00
  -.2730339E+00  -.2582477E+00  -.2436535E+00  -.2292532E+00  -.2149349E+00
  -.2012315E+00  -.1887902E+00  -.1778980E+00  -.1686847E+00  -.1610784E+00
  -.1548165E+00  -.1496551E+00  -.1452579E+00  -.1411213E+00  -.1371985E+00
  -.1335239E+00  -.1301248E+00  -.1270483E+00  -.1242672E+00  -.1216206E+00
  -.1189363E+00  -.1162241E+00  -.1134032E+00  -.1104268E+00  -.1073648E+00
  -.1042498E+00  -.1011422E+00  -.9807883E-01  -.9500332E-01  -.9183136E-01
  -.8852942E-01  -.8513796E-01  -.8167447E-01  -.7812105E-01  -.7447374E-01
  -.7076634E-01  -.6703892E-01  -.6329762E-01  -.5953228E-01  -.5574108E-01
  -.5192127E-01  -.4807429E-01  -.4422253E-01  -.4039722E-01  -.3663866E-01
  -.3298648E-01  -.2946668E-01  -.2609754E-01  -.2289188E-01  -.1986070E-01
  -.1701397E-01  -.1436166E-01  -.1191386E-01  -.9679362E-02  -.7665723E-02
  -.5879314E-02  -.4325529E-02  -.3008766E-02  -.1932457E-02  -.1099114E-02
