PEER NGA STRONG MOTION DATABASE RECORD
Northridge-01, 1/17/1994, Arleta - Nordhoff Fire Sta, UP
VELOCITY TIME SERIES IN UNITS OF CM/S
NPTS=   2000, DT=   .0200 SEC                                              
   .0000000E+00   .8768335E-01   .2046394E+00   .3204620E+00   .2967326E+00
   .3820770E-01   .3898375E+00   .1521247E+01   .2487851E+01   .2625551E+01
   .2670768E+01   .3331294E+01   .4207804E+01   .3801360E+01   .2425964E+01
   .2511189E+01   .4302210E+01   .5257876E+01   .3681035E+01   .2757205E+01
   .4298334E+01   .5380157E+01   .3844394E+01   .1682891E+01   .2128961E+01
   .4991630E+01   .4684951E+01   .9356016E+00   .8547909E+00   .2898556E+01
   .2335375E+01  -.1313128E+01  -.3015742E+01  -.3331010E+00   .5188180E+00
  -.1566699E+01  -.3543619E+01  -.3021202E+01  -.1511638E+01  -.2676311E+01
  -.5267526E+01  -.6821985E+01  -.6544983E+01  -.5231630E+01  -.4314856E+01
  -.4831098E+01  -.4836883E+01  -.3580783E+01  -.3263830E+01  -.3470913E+01
  -.2921202E+01  -.2238439E+01  -.2129214E+01  -.1851146E+01  -.1037919E+01
  -.8095775E+00  -.9736328E+00  -.1112541E+01  -.9927198E+00  -.8119220E+00
  -.1163585E+01  -.4174730E+00   .2757264E+00   .7892858E-01  -.5207450E+00
  -.1795077E+01  -.2067944E+01  -.1751995E+01  -.1553358E+01  -.1593520E+01
  -.2501562E+01  -.2329262E+01  -.5149993E+00   .4323170E+00   .1172208E+01
   .2989883E+01   .4467604E+01   .4785258E+01   .4188931E+01   .3198897E+01
   .1421632E+01   .1974312E+00   .1134899E+01   .3104290E+01   .4076519E+01
   .3025430E+01   .1806686E+01   .2526307E+01   .3809390E+01   .4299884E+01
   .4224231E+01   .4018677E+01   .3439635E+01   .1122772E+01  -.7489436E+00
  -.7819902E+00   .3156225E+00   .2879399E+01   .4257287E+01   .3007785E+01
   .2226663E+01   .1505983E+01   .1893930E+01   .5854283E+01   .9337763E+01
   .1025665E+02   .1052816E+02   .1146329E+02   .1093080E+02   .8763990E+01
   .6619850E+01   .5528976E+01   .5276982E+01   .8401944E+01   .1537641E+02
   .1619283E+02   .8115250E+01  -.2028540E+01  -.9596038E+01  -.9430290E+01
  -.2133361E+01   .2762526E+01   .1426279E+01  -.2256496E+01  -.2585492E+01
   .4621483E+00   .3055665E+01   .4007845E+01   .5523790E+01   .6249500E+01
   .4685817E+01   .2989008E+01   .1279395E+01   .1879961E+01   .3499543E+01
   .4010196E+01   .3962239E+01   .2862706E+01   .2622176E+01   .3612478E+01
   .3008731E+01   .2421221E+01   .5042406E+01   .8661802E+01   .1077461E+02
   .9901104E+01   .6312965E+01   .3666136E+01   .2293913E+01   .1704539E+01
   .1287467E+01  -.5722517E-01  -.7704581E+00  -.4210363E-01   .4396214E+00
   .1805615E+00   .6004816E+00   .1700080E+01   .4056360E+01   .6163185E+01
   .5858524E+01   .4920243E+01   .4954407E+01   .5426957E+01   .4976590E+01
   .1696758E+01  -.1335519E+00   .3041441E+01   .5237228E+01   .4271377E+01
   .2321207E+01   .1490299E+01   .3352343E+01   .4635109E+01   .3274850E+01
   .1393698E+01   .5400014E+00  -.1367450E+01  -.6043785E+01  -.9259519E+01
  -.1110771E+02  -.1366481E+02  -.1600181E+02  -.1799997E+02  -.1524155E+02
  -.9176981E+01  -.7416978E+01  -.1059165E+02  -.1237230E+02  -.1093071E+02
  -.9915820E+01  -.9718291E+01  -.8979644E+01  -.6704663E+01  -.4233834E+01
  -.2682263E+01  -.5139906E+00   .1458473E+01   .1710259E+01   .1530268E+01
   .1344517E+01   .1772432E+01   .2980781E+01   .2859852E+01   .1510103E+01
  -.3598068E+00  -.3070404E+01  -.3794628E+01  -.2351771E+01  -.3032875E+01
  -.6644150E+01  -.8994546E+01  -.5896892E+01   .1253141E-01   .2313896E+01
  -.5287577E+00  -.3548114E+01  -.3899830E+01  -.3416899E+01  -.4120804E+01
  -.6192655E+01  -.8238030E+01  -.9252169E+01  -.9529915E+01  -.1036111E+02
  -.1080992E+02  -.9393731E+01  -.6401607E+01  -.4001899E+01  -.3523244E+01
  -.3905727E+01  -.3983700E+01  -.4116033E+01  -.5310128E+01  -.4761677E+01
  -.1876785E+01  -.8344924E-01  -.6850742E+00  -.3737186E+01  -.8204562E+01
  -.1179954E+02  -.1201646E+02  -.1108806E+02  -.1068569E+02  -.8605042E+01
  -.6651977E+01  -.7106948E+01  -.8249549E+01  -.8791587E+01  -.8925675E+01
  -.7437519E+01  -.4622734E+01  -.2038099E+01  -.6903560E+00  -.5684353E+00
  -.9634487E+00  -.1415296E+01  -.6331070E+00   .2243016E+00  -.1826084E+00
  -.1587068E+01  -.3152357E+01  -.1693203E+01   .2009245E+01   .4043919E+01
   .2549703E+01   .2890291E+00  -.1070389E+01  -.3729173E+01  -.5123583E+01
  -.5041165E+01  -.4935250E+01  -.4004659E+01  -.3752539E+01  -.5004060E+01
  -.6649202E+01  -.7792756E+01  -.7652326E+01  -.6116430E+01  -.4572012E+01
  -.2410825E+01  -.1162717E+01  -.3019580E+01  -.5829558E+01  -.5930299E+01
  -.2792765E+01   .5633537E+00   .3844262E+01   .6005546E+01   .7163137E+01
   .7972158E+01   .6760373E+01   .5265644E+01   .4009918E+01   .2862180E+01
   .2947534E+01   .3673265E+01   .5296639E+01   .6533485E+01   .5503717E+01
   .3892719E+01   .4352033E+01   .6969798E+01   .8579826E+01   .8852751E+01
   .9154001E+01   .8737896E+01   .8297180E+01   .8670396E+01   .8850613E+01
   .8301811E+01   .8252865E+01   .8784045E+01   .8270180E+01   .7683888E+01
   .7701743E+01   .6468681E+01   .4203875E+01   .2603021E+01   .1566740E+01
  -.1381360E+00  -.4436190E+00   .8914474E+00   .1333734E+01   .1621113E+01
   .2008540E+01   .2079311E+01   .2974921E+01   .5556653E+01   .7325154E+01
   .6297125E+01   .3038768E+01   .4941820E-02  -.1788611E+01  -.1422290E+01
   .2104745E+01   .5036241E+01   .4827428E+01   .1637223E+01  -.2295508E+00
  -.3086419E+00  -.1925306E+01  -.2973633E+01  -.2274572E+01  -.2342131E+01
  -.3159057E+01  -.3712189E+01  -.6232983E+01  -.8260508E+01  -.7438234E+01
  -.4179899E+01  -.2340101E-01   .1628516E+01   .1095567E+01   .8305969E-01
   .3221936E+00   .2045094E+01   .4837236E+01   .6323878E+01   .5137430E+01
   .3603537E+01   .1617387E+01  -.3671786E+00  -.6772873E+00  -.4362022E+00
  -.1914383E+01  -.4623936E+01  -.6736431E+01  -.7186110E+01  -.6127260E+01
  -.4440909E+01  -.3442120E+01  -.4028554E+01  -.6190908E+01  -.9913010E+01
  -.1176570E+02  -.9459290E+01  -.5693963E+01  -.3652753E+01  -.3974160E+01
  -.5870428E+01  -.7956105E+01  -.1021604E+02  -.1217239E+02  -.1052411E+02
  -.6843298E+01  -.4208245E+01  -.3706524E+01  -.4199630E+01  -.4040922E+01
  -.4397288E+01  -.5088189E+01  -.5712281E+01  -.4609060E+01  -.2930054E+01
  -.3568880E+01  -.4284024E+01  -.4076313E+01  -.4164062E+01  -.4804281E+01
  -.5949262E+01  -.6897870E+01  -.7339780E+01  -.7536700E+01  -.6483791E+01
  -.4988811E+01  -.4541934E+01  -.3899673E+01  -.2984769E+01  -.2392669E+01
  -.1557299E+01  -.1943671E+01  -.3082864E+01  -.1764633E+01   .1462931E+01
   .4661834E+01   .6168163E+01   .5128585E+01   .2848513E+01   .1743004E+01
   .2159065E+01   .2194027E+01   .1351485E+01  -.4025351E-01  -.2140657E+01
  -.5118574E+01  -.7516093E+01  -.8163277E+01  -.6594774E+01  -.3158682E+01
  -.1565629E+00  -.3605531E+00  -.2917539E+01  -.3961434E+01  -.3890643E+01
  -.4543428E+01  -.4656239E+01  -.3826712E+01  -.2408466E+01  -.6606094E+00
   .2612105E+00  -.3617347E+00  -.2713336E+01  -.4651506E+01  -.3515894E+01
  -.1932708E+01  -.2545959E+01  -.1844259E+01   .3876431E+00   .4963476E+00
  -.9510135E+00  -.1444784E+01  -.6907922E+00   .1815058E-01  -.3644609E+00
  -.2220186E+00   .1932371E+01   .3846311E+01   .4900702E+01   .5776299E+01
   .6741503E+01   .7795354E+01   .8050183E+01   .7473917E+01   .7048366E+01
   .7546692E+01   .8121135E+01   .7845021E+01   .6631691E+01   .4584438E+01
   .2565885E+01   .1442468E+01   .1408419E+01   .2357537E+01   .4073857E+01
   .6296031E+01   .7647277E+01   .7523610E+01   .6768083E+01   .6878329E+01
   .8774771E+01   .1064085E+02   .1138763E+02   .1188468E+02   .1255410E+02
   .1237722E+02   .1093676E+02   .9621182E+01   .9427781E+01   .9733055E+01
   .9369157E+01   .8370109E+01   .8017102E+01   .8071772E+01   .8152045E+01
   .9078572E+01   .1019845E+02   .1074556E+02   .1051214E+02   .9721970E+01
   .8509210E+01   .7415535E+01   .7371988E+01   .7961524E+01   .8154097E+01
   .7661759E+01   .7047640E+01   .6521403E+01   .6782976E+01   .7919689E+01
   .8776434E+01   .8955739E+01   .9023105E+01   .9392288E+01   .9683107E+01
   .9708531E+01   .9066265E+01   .7916389E+01   .6737544E+01   .6389136E+01
   .7478180E+01   .8082097E+01   .7684558E+01   .7106096E+01   .5878038E+01
   .3933787E+01   .2331159E+01   .2445527E+01   .3098800E+01   .2054363E+01
   .2367579E+00  -.7395278E+00  -.9795855E+00  -.9437656E+00  -.4144841E+00
   .4586229E+00   .8181612E+00   .9503423E+00   .1280883E+01   .1676330E+01
   .2197499E+01   .2691223E+01   .2653607E+01   .2129077E+01   .1465541E+01
   .4484456E+00  -.1066846E+01  -.2587178E+01  -.3122511E+01  -.2978621E+01
  -.3371159E+01  -.4267982E+01  -.5302080E+01  -.6290392E+01  -.7248230E+01
  -.8214208E+01  -.8988913E+01  -.9676278E+01  -.1010311E+02  -.1037870E+02
  -.1034068E+02  -.9546772E+01  -.8811721E+01  -.8519936E+01  -.8156601E+01
  -.7616984E+01  -.7085604E+01  -.6555172E+01  -.6037287E+01  -.5883490E+01
  -.6114160E+01  -.6452379E+01  -.7035031E+01  -.7594046E+01  -.7370001E+01
  -.6255283E+01  -.4674240E+01  -.3437159E+01  -.2997981E+01  -.2792864E+01
  -.2829158E+01  -.3432108E+01  -.4364939E+01  -.5113134E+01  -.5528196E+01
  -.6116212E+01  -.6725563E+01  -.6935853E+01  -.7062018E+01  -.7391178E+01
  -.7630871E+01  -.7637282E+01  -.7270073E+01  -.6999238E+01  -.6976522E+01
  -.6214007E+01  -.5220779E+01  -.4809166E+01  -.4779997E+01  -.4753109E+01
  -.4561105E+01  -.4658163E+01  -.4546119E+01  -.4058885E+01  -.3959403E+01
  -.3970755E+01  -.4086078E+01  -.4049464E+01  -.3568401E+01  -.3226724E+01
  -.3091218E+01  -.3234042E+01  -.3882782E+01  -.4323697E+01  -.4556688E+01
  -.5316276E+01  -.5719444E+01  -.5300869E+01  -.4500611E+01  -.3663366E+01
  -.3053705E+01  -.2219776E+01  -.1074311E+01  -.1769499E+00   .1203876E+00
  -.2588464E+00  -.1000867E+01  -.1721922E+01  -.2100346E+01  -.2084234E+01
  -.2445858E+01  -.3360620E+01  -.4531206E+01  -.5517177E+01  -.5619257E+01
  -.5388255E+01  -.5447981E+01  -.5164594E+01  -.4308960E+01  -.3838952E+01
  -.4106100E+01  -.4301475E+01  -.4059926E+01  -.3600488E+01  -.3446107E+01
  -.4021260E+01  -.4515967E+01  -.4224953E+01  -.3529207E+01  -.2801250E+01
  -.2144965E+01  -.1488443E+01  -.7480742E+00  -.8932727E-01   .4671059E+00
   .9976138E+00   .1507057E+01   .2494261E+01   .3979598E+01   .5076330E+01
   .5631551E+01   .6176829E+01   .6979334E+01   .7954258E+01   .8855421E+01
   .9748854E+01   .1046031E+02   .1053929E+02   .1014087E+02   .9725160E+01
   .9430039E+01   .9187834E+01   .9086544E+01   .9020778E+01   .9009679E+01
   .9089220E+01   .8803652E+01   .7956372E+01   .7014173E+01   .6632617E+01
   .6673198E+01   .6608279E+01   .6495226E+01   .6442442E+01   .6184656E+01
   .5595786E+01   .4772622E+01   .3934978E+01   .3217840E+01   .2302373E+01
   .1241882E+01   .5750364E+00   .2541219E+00  -.2984252E+00  -.8518394E+00
  -.8293672E+00  -.5064086E+00  -.6593385E-01   .5072190E+00   .9513312E+00
   .1350332E+01   .1947439E+01   .2700416E+01   .3520245E+01   .4114174E+01
   .4307482E+01   .4356609E+01   .4777332E+01   .5704885E+01   .6343711E+01
   .6326620E+01   .6118873E+01   .6244887E+01   .6858070E+01   .7655459E+01
   .8437062E+01   .9130010E+01   .9807683E+01   .1058566E+02   .1113816E+02
   .1111842E+02   .1089849E+02   .1091928E+02   .1092158E+02   .1053371E+02
   .9903803E+01   .9333044E+01   .8844870E+01   .8354213E+01   .7886116E+01
   .7715148E+01   .7594063E+01   .7211786E+01   .6797883E+01   .6537435E+01
   .6390026E+01   .6153055E+01   .6165279E+01   .6576255E+01   .7017682E+01
   .7152743E+01   .6940824E+01   .6452693E+01   .5883071E+01   .5483236E+01
   .5171910E+01   .4853061E+01   .4394945E+01   .3705073E+01   .2710285E+01
   .1630058E+01   .7056758E+00  -.2225528E-01  -.5664771E+00  -.1080536E+01
  -.1622250E+01  -.2274525E+01  -.3104872E+01  -.3960991E+01  -.4645502E+01
  -.5033691E+01  -.5308597E+01  -.5652322E+01  -.6048842E+01  -.6625322E+01
  -.7358939E+01  -.8022729E+01  -.8495617E+01  -.8881256E+01  -.9241811E+01
  -.9601996E+01  -.9919546E+01  -.1009586E+02  -.1020265E+02  -.1022449E+02
  -.1016931E+02  -.1008776E+02  -.9982640E+01  -.9908102E+01  -.9671325E+01
  -.9268138E+01  -.9251773E+01  -.9624720E+01  -.1000303E+02  -.1041205E+02
  -.1084200E+02  -.1105446E+02  -.1104420E+02  -.1124364E+02  -.1162130E+02
  -.1184829E+02  -.1196068E+02  -.1208016E+02  -.1227848E+02  -.1248847E+02
  -.1266002E+02  -.1284953E+02  -.1299606E+02  -.1294051E+02  -.1282791E+02
  -.1266680E+02  -.1218530E+02  -.1160398E+02  -.1129219E+02  -.1104274E+02
  -.1059371E+02  -.1014021E+02  -.9779036E+01  -.9413773E+01  -.9037347E+01
  -.8719034E+01  -.8438323E+01  -.8302355E+01  -.8292358E+01  -.8004328E+01
  -.7367217E+01  -.6677668E+01  -.6252065E+01  -.5980385E+01  -.5742137E+01
  -.5724870E+01  -.5851627E+01  -.5971449E+01  -.5828450E+01  -.5308116E+01
  -.4595728E+01  -.3807668E+01  -.3136609E+01  -.2638205E+01  -.2144749E+01
  -.1649769E+01  -.1198481E+01  -.7085962E+00  -.1712525E+00   .2982270E+00
   .5821993E+00   .7942470E+00   .1115000E+01   .1512625E+01   .1951607E+01
   .2461681E+01   .3070698E+01   .3712133E+01   .4360842E+01   .5028827E+01
   .5644049E+01   .6315620E+01   .7047042E+01   .7608448E+01   .7987818E+01
   .8280142E+01   .8594661E+01   .8881721E+01   .9114499E+01   .9456072E+01
   .9822031E+01   .1005066E+02   .1021013E+02   .1060370E+02   .1115153E+02
   .1155182E+02   .1189234E+02   .1230428E+02   .1272672E+02   .1305450E+02
   .1324136E+02   .1317496E+02   .1310977E+02   .1345489E+02   .1402474E+02
   .1448650E+02   .1473656E+02   .1483836E+02   .1482354E+02   .1463524E+02
   .1433085E+02   .1405674E+02   .1404441E+02   .1428420E+02   .1460540E+02
   .1478409E+02   .1442751E+02   .1370515E+02   .1307148E+02   .1252246E+02
   .1188173E+02   .1109517E+02   .1026742E+02   .9554378E+01   .9039316E+01
   .8555231E+01   .7971939E+01   .7296880E+01   .6598641E+01   .6039931E+01
   .5508527E+01   .4889486E+01   .4254387E+01   .3676607E+01   .3134774E+01
   .2509685E+01   .1768856E+01   .8956161E+00  -.8844694E-02  -.7321927E+00
  -.1213391E+01  -.1634170E+01  -.2170409E+01  -.2726197E+01  -.3200894E+01
  -.3740575E+01  -.4485516E+01  -.5353407E+01  -.6113004E+01  -.6501518E+01
  -.6640801E+01  -.6882604E+01  -.7277541E+01  -.7755204E+01  -.8172798E+01
  -.8401389E+01  -.8500694E+01  -.8653282E+01  -.9152176E+01  -.9946770E+01
  -.1072184E+02  -.1137353E+02  -.1195649E+02  -.1248878E+02  -.1291534E+02
  -.1330765E+02  -.1369784E+02  -.1400543E+02  -.1420661E+02  -.1441472E+02
  -.1465928E+02  -.1481095E+02  -.1483714E+02  -.1486286E+02  -.1513993E+02
  -.1557402E+02  -.1587110E+02  -.1600517E+02  -.1607761E+02  -.1619656E+02
  -.1633966E+02  -.1637394E+02  -.1619586E+02  -.1579559E+02  -.1531137E+02
  -.1498313E+02  -.1481236E+02  -.1454274E+02  -.1400028E+02  -.1320170E+02
  -.1227286E+02  -.1137753E+02  -.1055659E+02  -.9690812E+01  -.8780418E+01
  -.7826758E+01  -.6799910E+01  -.5691622E+01  -.4432908E+01  -.3083123E+01
  -.1731667E+01  -.4594004E+00   .7031446E+00   .1788851E+01   .2778367E+01
   .3624338E+01   .4262835E+01   .4731854E+01   .5186021E+01   .5731007E+01
   .6263182E+01   .6738940E+01   .7218268E+01   .7625308E+01   .7964649E+01
   .8427004E+01   .9065847E+01   .9722532E+01   .1032837E+02   .1094595E+02
   .1163403E+02   .1235709E+02   .1302362E+02   .1356010E+02   .1390635E+02
   .1413452E+02   .1433725E+02   .1438705E+02   .1424685E+02   .1405053E+02
   .1387787E+02   .1373285E+02   .1356713E+02   .1338636E+02   .1319640E+02
   .1299013E+02   .1283755E+02   .1273994E+02   .1259480E+02   .1242261E+02
   .1230154E+02   .1219233E+02   .1197133E+02   .1156946E+02   .1105783E+02
   .1054321E+02   .1008548E+02   .9690947E+01   .9288508E+01   .8823598E+01
   .8397100E+01   .8116205E+01   .7812974E+01   .7299327E+01   .6649591E+01
   .5991512E+01   .5381233E+01   .4838499E+01   .4343017E+01   .3854991E+01
   .3395785E+01   .2972979E+01   .2541978E+01   .2019633E+01   .1396893E+01
   .7668574E+00   .1790926E+00  -.3604412E+00  -.8439533E+00  -.1328370E+01
  -.1921353E+01  -.2649726E+01  -.3463023E+01  -.4248201E+01  -.4962627E+01
  -.5627932E+01  -.6244857E+01  -.6844865E+01  -.7507205E+01  -.8201344E+01
  -.8854784E+01  -.9466395E+01  -.9946576E+01  -.1026139E+02  -.1051857E+02
  -.1087898E+02  -.1136500E+02  -.1182797E+02  -.1218098E+02  -.1248034E+02
  -.1278861E+02  -.1307370E+02  -.1330588E+02  -.1345218E+02  -.1351938E+02
  -.1355439E+02  -.1356635E+02  -.1356580E+02  -.1354328E+02  -.1345757E+02
  -.1321481E+02  -.1277870E+02  -.1227453E+02  -.1179096E+02  -.1136373E+02
  -.1098341E+02  -.1058460E+02  -.1015735E+02  -.9718990E+01  -.9276159E+01
  -.8854008E+01  -.8447577E+01  -.8008270E+01  -.7445178E+01  -.6659409E+01
  -.5748654E+01  -.4869282E+01  -.3987087E+01  -.3021461E+01  -.2123822E+01
  -.1324062E+01  -.4190887E+00   .5265801E+00   .1431616E+01   .2357735E+01
   .3263153E+01   .4070661E+01   .4423659E+01   .4360413E+01   .4658017E+01
   .5343035E+01   .6005511E+01   .6521310E+01   .6824847E+01   .7043065E+01
   .7215508E+01   .7380671E+01   .7608540E+01   .7861652E+01   .8148458E+01
   .8483799E+01   .8882196E+01   .9213736E+01   .9314670E+01   .9290820E+01
   .9292262E+01   .9384364E+01   .9515179E+01   .9514289E+01   .9334288E+01
   .9065486E+01   .8772631E+01   .8422558E+01   .7964103E+01   .7513627E+01
   .7194954E+01   .6942616E+01   .6621680E+01   .6170868E+01   .5647587E+01
   .5186110E+01   .4850196E+01   .4565885E+01   .4317346E+01   .4109240E+01
   .3872288E+01   .3556616E+01   .3128308E+01   .2646733E+01   .2246604E+01
   .1914640E+01   .1516487E+01   .1037322E+01   .5976080E+00   .2607729E+00
  -.6404361E-01  -.5290585E+00  -.1100918E+01  -.1690213E+01  -.2233136E+01
  -.2577280E+01  -.2789663E+01  -.3053424E+01  -.3272665E+01  -.3429522E+01
  -.3642869E+01  -.3899014E+01  -.4160794E+01  -.4379242E+01  -.4582173E+01
  -.4768446E+01  -.4902977E+01  -.5016070E+01  -.5196245E+01  -.5480655E+01
  -.5696392E+01  -.5802441E+01  -.5920626E+01  -.6027784E+01  -.6084611E+01
  -.6131042E+01  -.6198589E+01  -.6277623E+01  -.6330199E+01  -.6320582E+01
  -.6223441E+01  -.6022834E+01  -.5780357E+01  -.5586410E+01  -.5433924E+01
  -.5217365E+01  -.4919343E+01  -.4618466E+01  -.4308413E+01  -.3976544E+01
  -.3617507E+01  -.3207560E+01  -.2769576E+01  -.2382823E+01  -.2034461E+01
  -.1633908E+01  -.1160853E+01  -.6365692E+00  -.2923184E-01   .6256345E+00
   .1216358E+01   .1704363E+01   .2080080E+01   .2433268E+01   .2777169E+01
   .3013971E+01   .3144155E+01   .3193994E+01   .3211143E+01   .3251027E+01
   .3280463E+01   .3222913E+01   .3108650E+01   .3060548E+01   .3119870E+01
   .3286087E+01   .3574370E+01   .3905461E+01   .4168977E+01   .4390271E+01
   .4620699E+01   .4801435E+01   .4906574E+01   .5010276E+01   .5120882E+01
   .5157011E+01   .5142598E+01   .5148229E+01   .5146351E+01   .5121434E+01
   .5076346E+01   .4987626E+01   .4849512E+01   .4730813E+01   .4663941E+01
   .4559938E+01   .4410421E+01   .4284749E+01   .4220286E+01   .4116720E+01
   .3898293E+01   .3682639E+01   .3551475E+01   .3446166E+01   .3287213E+01
   .3077865E+01   .2880201E+01   .2712871E+01   .2543563E+01   .2316830E+01
   .2034222E+01   .1804532E+01   .1650901E+01   .1526434E+01   .1357014E+01
   .1108067E+01   .8078447E+00   .4514978E+00   .5043716E-01  -.3650540E+00
  -.7157770E+00  -.9254234E+00  -.1025067E+01  -.1107537E+01  -.1265255E+01
  -.1494730E+01  -.1700061E+01  -.1901851E+01  -.2146325E+01  -.2403609E+01
  -.2640700E+01  -.2830896E+01  -.2970655E+01  -.3062448E+01  -.3115696E+01
  -.3135940E+01  -.3122289E+01  -.3050742E+01  -.2998426E+01  -.2970852E+01
  -.2826725E+01  -.2591527E+01  -.2367980E+01  -.2187777E+01  -.2040638E+01
  -.1933182E+01  -.1869331E+01  -.1861935E+01  -.1933038E+01  -.2074818E+01
  -.2223098E+01  -.2307641E+01  -.2328877E+01  -.2298046E+01  -.2278547E+01
  -.2322354E+01  -.2362540E+01  -.2340860E+01  -.2285645E+01  -.2215438E+01
  -.2077034E+01  -.1887454E+01  -.1738688E+01  -.1621635E+01  -.1562019E+01
  -.1596982E+01  -.1693003E+01  -.1802074E+01  -.1860390E+01  -.1883811E+01
  -.1876529E+01  -.1859216E+01  -.1886947E+01  -.1954003E+01  -.2015708E+01
  -.2033847E+01  -.2028655E+01  -.2023382E+01  -.1999466E+01  -.1947588E+01
  -.1892749E+01  -.1839340E+01  -.1778129E+01  -.1725460E+01  -.1681962E+01
  -.1633952E+01  -.1583563E+01  -.1561246E+01  -.1574593E+01  -.1580288E+01
  -.1553480E+01  -.1483568E+01  -.1391732E+01  -.1299936E+01  -.1229762E+01
  -.1206964E+01  -.1228889E+01  -.1265527E+01  -.1344348E+01  -.1499078E+01
  -.1631944E+01  -.1673831E+01  -.1653900E+01  -.1655511E+01  -.1715119E+01
  -.1785997E+01  -.1836122E+01  -.1884277E+01  -.1944473E+01  -.1949952E+01
  -.1828896E+01  -.1626062E+01  -.1428477E+01  -.1251254E+01  -.1029385E+01
  -.7157561E+00  -.3607417E+00  -.3102951E-01   .2549786E+00   .5099540E+00
   .7423676E+00   .9572701E+00   .1133719E+01   .1309139E+01   .1521153E+01
   .1695084E+01   .1794708E+01   .1871790E+01   .1980327E+01   .2124689E+01
   .2316196E+01   .2600515E+01   .2975265E+01   .3362278E+01   .3708287E+01
   .4007982E+01   .4270384E+01   .4514115E+01   .4758317E+01   .5018433E+01
   .5309153E+01   .5609966E+01   .5828371E+01   .5920474E+01   .5963822E+01
   .6009783E+01   .6075447E+01   .6157045E+01   .6164186E+01   .6119373E+01
   .6059589E+01   .5921970E+01   .5748498E+01   .5589709E+01   .5470467E+01
   .5381030E+01   .5240599E+01   .5049264E+01   .4886605E+01   .4772154E+01
   .4657294E+01   .4519904E+01   .4306348E+01   .4011995E+01   .3705203E+01
   .3410905E+01   .3114109E+01   .2820556E+01   .2558579E+01   .2287164E+01
   .1999959E+01   .1733260E+01   .1497196E+01   .1288618E+01   .1108547E+01
   .9685821E+00   .8214298E+00   .6245450E+00   .3991102E+00   .1647074E+00
  -.9164456E-01  -.3785167E+00  -.6891882E+00  -.1004277E+01  -.1311781E+01
  -.1611631E+01  -.1918839E+01  -.2231563E+01  -.2460985E+01  -.2585171E+01
  -.2695112E+01  -.2830502E+01  -.2965428E+01  -.3081718E+01  -.3163051E+01
  -.3220536E+01  -.3287199E+01  -.3354457E+01  -.3401459E+01  -.3423414E+01
  -.3422762E+01  -.3407464E+01  -.3412914E+01  -.3465324E+01  -.3543843E+01
  -.3616736E+01  -.3675263E+01  -.3705932E+01  -.3697442E+01  -.3673235E+01
  -.3640092E+01  -.3597503E+01  -.3542167E+01  -.3467054E+01  -.3381545E+01
  -.3279378E+01  -.3139692E+01  -.2948434E+01  -.2715516E+01  -.2487534E+01
  -.2289198E+01  -.2098598E+01  -.1922634E+01  -.1783107E+01  -.1662997E+01
  -.1512017E+01  -.1346440E+01  -.1219820E+01  -.1096315E+01  -.9521105E+00
  -.8257618E+00  -.7371108E+00  -.6814867E+00  -.6312766E+00  -.5877905E+00
  -.5587791E+00  -.5209798E+00  -.4606911E+00  -.3341180E+00  -.1411405E+00
   .2648146E-01   .1108416E+00   .1522043E+00   .2024055E+00   .2646355E+00
   .3151218E+00   .3591952E+00   .4021961E+00   .4378441E+00   .4810809E+00
   .5123143E+00   .5296442E+00   .5866167E+00   .6954732E+00   .7988273E+00
   .8330522E+00   .7927074E+00   .7357493E+00   .6956617E+00   .6790554E+00
   .6863105E+00   .7064359E+00   .7244600E+00   .7212408E+00   .7041392E+00
   .7039686E+00   .7351008E+00   .7905550E+00   .8580399E+00   .9096226E+00
   .9350520E+00   .9258873E+00   .8911795E+00   .8756537E+00   .8803300E+00
   .8665042E+00   .7630387E+00   .5395202E+00   .2638761E+00   .2463941E-02
  -.2188134E+00  -.4141474E+00  -.5886986E+00  -.7161239E+00  -.8000338E+00
  -.8719015E+00  -.9500490E+00  -.1032576E+01  -.1108581E+01  -.1146731E+01
  -.1126194E+01  -.1083962E+01  -.1052951E+01  -.1010967E+01  -.9418282E+00
  -.8496155E+00  -.7296680E+00  -.5602434E+00  -.3374811E+00  -.9226432E-01
   .1362025E+00   .3457594E+00   .5385266E+00   .7092337E+00   .8839634E+00
   .1054915E+01   .1203937E+01   .1337660E+01   .1446202E+01   .1528904E+01
   .1613820E+01   .1727611E+01   .1883380E+01   .2051263E+01   .2185976E+01
   .2281168E+01   .2345869E+01   .2349537E+01   .2280990E+01   .2197755E+01
   .2140067E+01   .2103824E+01   .2044253E+01   .1939300E+01   .1811309E+01
   .1687412E+01   .1581811E+01   .1456221E+01   .1313284E+01   .1205035E+01
   .1139875E+01   .1096321E+01   .1033280E+01   .9420501E+00   .8498045E+00
   .7461123E+00   .5967597E+00   .4268895E+00   .2883575E+00   .1838241E+00
   .9090691E-01  -.2838825E-01  -.1965438E+00  -.3981779E+00  -.5876856E+00
  -.7367035E+00  -.8553928E+00  -.9566349E+00  -.1063332E+01  -.1191386E+01
  -.1331116E+01  -.1446138E+01  -.1542072E+01  -.1646521E+01  -.1749464E+01
  -.1841921E+01  -.1911959E+01  -.1979461E+01  -.2068579E+01  -.2161782E+01
  -.2249908E+01  -.2335517E+01  -.2420901E+01  -.2524130E+01  -.2653336E+01
  -.2774755E+01  -.2845662E+01  -.2862086E+01  -.2844690E+01  -.2803215E+01
  -.2730080E+01  -.2644257E+01  -.2586751E+01  -.2534659E+01  -.2435334E+01
  -.2278617E+01  -.2098060E+01  -.1935668E+01  -.1778140E+01  -.1603524E+01
  -.1425760E+01  -.1242128E+01  -.1047128E+01  -.8454608E+00  -.6199036E+00
  -.3483143E+00  -.5092487E-01   .2406810E+00   .5540564E+00   .8728295E+00
   .1178408E+01   .1493936E+01   .1795799E+01   .2066745E+01   .2296915E+01
   .2490138E+01   .2663356E+01   .2833521E+01   .2984982E+01   .3102986E+01
   .3206346E+01   .3301142E+01   .3382614E+01   .3440131E+01   .3488174E+01
   .3541706E+01   .3599595E+01   .3669033E+01   .3723157E+01   .3741454E+01
   .3738326E+01   .3709703E+01   .3644594E+01   .3558799E+01   .3467582E+01
   .3360820E+01   .3227612E+01   .3065649E+01   .2903673E+01   .2767308E+01
   .2639150E+01   .2514031E+01   .2364636E+01   .2159312E+01   .1927782E+01
   .1699990E+01   .1490107E+01   .1276822E+01   .1071504E+01   .8941861E+00
   .7187958E+00   .5386320E+00   .3466940E+00   .1410314E+00  -.8400625E-01
  -.3038164E+00  -.4634130E+00  -.5691169E+00  -.6657230E+00  -.7616822E+00
  -.8512740E+00  -.9608714E+00  -.1104896E+01  -.1269236E+01  -.1446091E+01
  -.1630751E+01  -.1813824E+01  -.1984909E+01  -.2177341E+01  -.2414881E+01
  -.2650565E+01  -.2823836E+01  -.2933504E+01  -.3029145E+01  -.3135491E+01
  -.3276545E+01  -.3438816E+01  -.3566907E+01  -.3634566E+01  -.3643894E+01
  -.3620292E+01  -.3573553E+01  -.3503756E+01  -.3415282E+01  -.3302630E+01
  -.3162901E+01  -.2986723E+01  -.2778866E+01  -.2576266E+01  -.2376201E+01
  -.2140179E+01  -.1870608E+01  -.1577561E+01  -.1253176E+01  -.9004242E+00
  -.5448885E+00  -.2031506E+00   .1187385E+00   .3866451E+00   .6077398E+00
   .8059250E+00   .9613884E+00   .1062709E+01   .1132158E+01   .1191299E+01
   .1246152E+01   .1309177E+01   .1361134E+01   .1373678E+01   .1350290E+01
   .1304651E+01   .1265675E+01   .1265614E+01   .1303428E+01   .1365515E+01
   .1436355E+01   .1488693E+01   .1478244E+01   .1415960E+01   .1363087E+01
   .1320315E+01   .1267712E+01   .1189245E+01   .1093035E+01   .9812627E+00
   .8405560E+00   .6921072E+00   .5536178E+00   .4151467E+00   .2739132E+00
   .1528098E+00   .5399632E-01  -.4012929E-01  -.1263569E+00  -.1746635E+00
  -.1864195E+00  -.1916883E+00  -.1867899E+00  -.1715444E+00  -.1539229E+00
  -.1367061E+00  -.1429168E+00  -.1571734E+00  -.1427722E+00  -.8708206E-01
  -.1880645E-01   .2226000E-01   .3277666E-01   .1910395E-01   .2860680E-01
   .8302730E-01   .1224786E+00   .1382394E+00   .1669335E+00   .1995896E+00
   .2185654E+00   .2315215E+00   .2539993E+00   .2629259E+00   .2388089E+00
   .1850583E+00   .1053142E+00   .2274875E-01  -.6832890E-01  -.1824007E+00
  -.3032653E+00  -.4303129E+00  -.5683143E+00  -.6971778E+00  -.7844901E+00
  -.8559844E+00  -.9686873E+00  -.1094826E+01  -.1193187E+01  -.1273641E+01
  -.1364822E+01  -.1486992E+01  -.1612068E+01  -.1726471E+01  -.1845491E+01
  -.1951157E+01  -.2018377E+01  -.2053902E+01  -.2084575E+01  -.2115847E+01
  -.2141798E+01  -.2158439E+01  -.2148657E+01  -.2116893E+01  -.2085101E+01
  -.2057030E+01  -.2013591E+01  -.1968989E+01  -.1949548E+01  -.1919747E+01
  -.1860167E+01  -.1777479E+01  -.1674675E+01  -.1565905E+01  -.1451881E+01
  -.1320039E+01  -.1170640E+01  -.1011744E+01  -.8454300E+00  -.6703615E+00
  -.5077284E+00  -.3803841E+00  -.2920557E+00  -.2400188E+00  -.2142792E+00
  -.2130181E+00  -.2181016E+00  -.2063631E+00  -.1801324E+00  -.1514242E+00
  -.1156114E+00  -.5245947E-01   .4588270E-01   .1663023E+00   .2964936E+00
   .4261141E+00   .5351697E+00   .6397725E+00   .7486259E+00   .8376728E+00
   .9097706E+00   .9890764E+00   .1091653E+01   .1185852E+01   .1249656E+01
   .1302212E+01   .1353336E+01   .1405122E+01   .1453979E+01   .1480193E+01
   .1476033E+01   .1469921E+01   .1480532E+01   .1511461E+01   .1541871E+01
   .1550390E+01   .1544111E+01   .1532140E+01   .1523502E+01   .1529372E+01
   .1549447E+01   .1556035E+01   .1543534E+01   .1506712E+01   .1431821E+01
   .1330903E+01   .1230737E+01   .1136424E+01   .1027529E+01   .9033363E+00
   .7778701E+00   .6691679E+00   .5781425E+00   .4884364E+00   .3959872E+00
   .3136836E+00   .2521671E+00   .2029740E+00   .1603495E+00   .1196102E+00
   .7349481E-01   .2222818E-01  -.3371103E-01  -.9410106E-01  -.1609036E+00
  -.2258688E+00  -.2787253E+00  -.3226626E+00  -.3620396E+00  -.3987119E+00
  -.4379400E+00  -.4740213E+00  -.4950977E+00  -.5030981E+00  -.5079796E+00
  -.5122574E+00  -.5126197E+00  -.5103985E+00  -.5118269E+00  -.5196670E+00
  -.5288289E+00  -.5345627E+00  -.5322141E+00  -.5227452E+00  -.5108752E+00
  -.4951247E+00  -.4737625E+00  -.4475213E+00  -.4181643E+00  -.3897333E+00
  -.3635083E+00  -.3380990E+00  -.3129104E+00  -.2852631E+00  -.2555042E+00
  -.2302159E+00  -.2106474E+00  -.1931207E+00  -.1763197E+00  -.1598929E+00
  -.1445126E+00  -.1299084E+00  -.1175746E+00  -.1078654E+00  -.9703405E-01
  -.8352873E-01  -.6840682E-01  -.5304966E-01  -.3893424E-01  -.2583906E-01
  -.1443231E-01  -.5271897E-02   .3261236E-02   .1142940E-01   .1959745E-01
   .2737560E-01   .3443976E-01   .4227268E-01   .5165781E-01   .6188614E-01
   .7170814E-01   .8039495E-01   .8921872E-01   .9911421E-01   .1096988E+00
   .1201584E+00   .1298401E+00   .1386730E+00   .1462082E+00   .1524674E+00
   .1584499E+00   .1644930E+00   .1699214E+00   .1749033E+00   .1796825E+00
   .1839348E+00   .1874050E+00   .1902551E+00   .1928482E+00   .1953422E+00
   .1976324E+00   .1996156E+00   .2011626E+00   .2021812E+00   .2027639E+00
   .2028035E+00   .2020725E+00   .2005551E+00   .1984709E+00   .1960152E+00
   .1932891E+00   .1902813E+00   .1869811E+00   .1834480E+00   .1797277E+00
   .1757845E+00   .1715583E+00   .1670550E+00   .1623239E+00   .1574001E+00
   .1522996E+00   .1470349E+00   .1416226E+00   .1361002E+00   .1304743E+00
   .1247427E+00   .1189144E+00   .1130011E+00   .1070225E+00   .1009777E+00
   .9485932E-01   .8866507E-01   .8239415E-01   .7604614E-01   .6961571E-01
   .6309626E-01   .5647999E-01   .4975801E-01   .4292152E-01   .3596106E-01
   .2886651E-01   .2162753E-01   .1423350E-01   .6673505E-02  -.1063668E-02
