PEER NGA STRONG MOTION DATABASE RECORD
Northridge-01, 1/17/1994, Arleta - Nordhoff Fire Sta, 360
DISPLACEMENT TIME SERIES IN UNITS OF CM
NPTS=   2000, DT=   .0200 SEC                                              
   .0000000E+00   .4597089E-03   .2080808E-02   .5061332E-02   .9126915E-02
   .1401524E-01   .1971116E-01   .2616667E-01   .3318221E-01   .4091700E-01
   .4985112E-01   .6014169E-01   .7165714E-01   .8448765E-01   .9901330E-01
   .1152119E+00   .1324260E+00   .1498944E+00   .1675889E+00   .1857599E+00
   .2042098E+00   .2222405E+00   .2399534E+00   .2586390E+00   .2786284E+00
   .2986984E+00   .3176976E+00   .3362450E+00   .3547671E+00   .3718860E+00
   .3862832E+00   .4002228E+00   .4157189E+00   .4300056E+00   .4423451E+00
   .4552793E+00   .4699150E+00   .4847873E+00   .4995451E+00   .5152854E+00
   .5309378E+00   .5460545E+00   .5612523E+00   .5767499E+00   .5919793E+00
   .6062146E+00   .6208937E+00   .6371077E+00   .6546581E+00   .6735572E+00
   .6935322E+00   .7138361E+00   .7349890E+00   .7582774E+00   .7822303E+00
   .8062254E+00   .8322653E+00   .8596604E+00   .8847500E+00   .9068946E+00
   .9284301E+00   .9491472E+00   .9677570E+00   .9850098E+00   .1004435E+01
   .1027276E+01   .1048702E+01   .1063878E+01   .1072225E+01   .1076341E+01
   .1077809E+01   .1074720E+01   .1066161E+01   .1055709E+01   .1046826E+01
   .1038732E+01   .1028837E+01   .1016549E+01   .1002178E+01   .9835544E+00
   .9593977E+00   .9318501E+00   .9024541E+00   .8718010E+00   .8403658E+00
   .8085697E+00   .7793478E+00   .7535622E+00   .7263266E+00   .6963420E+00
   .6682502E+00   .6443780E+00   .6233056E+00   .6035076E+00   .5839818E+00
   .5630451E+00   .5379437E+00   .5073552E+00   .4729607E+00   .4364347E+00
   .3991829E+00   .3632697E+00   .3296366E+00   .2956659E+00   .2566299E+00
   .2116911E+00   .1658077E+00   .1202906E+00   .6935082E-01   .1161032E-01
  -.4845406E-01  -.1069667E+00  -.1603587E+00  -.2026169E+00  -.2313001E+00
  -.2523181E+00  -.2713293E+00  -.2899698E+00  -.3087783E+00  -.3306435E+00
  -.3588157E+00  -.3885807E+00  -.4146773E+00  -.4412745E+00  -.4769488E+00
  -.5260656E+00  -.5854610E+00  -.6499175E+00  -.7143647E+00  -.7782347E+00
  -.8479619E+00  -.9286914E+00  -.1021921E+01  -.1129604E+01  -.1253855E+01
  -.1393084E+01  -.1542829E+01  -.1700991E+01  -.1870701E+01  -.2054717E+01
  -.2249617E+01  -.2444935E+01  -.2631882E+01  -.2811130E+01  -.2984947E+01
  -.3156421E+01  -.3332402E+01  -.3516472E+01  -.3701223E+01  -.3875330E+01
  -.4037214E+01  -.4191722E+01  -.4343378E+01  -.4492090E+01  -.4632577E+01
  -.4759234E+01  -.4868983E+01  -.4968228E+01  -.5074952E+01  -.5205851E+01
  -.5360691E+01  -.5520935E+01  -.5665786E+01  -.5784254E+01  -.5876361E+01
  -.5958399E+01  -.6057816E+01  -.6193321E+01  -.6364614E+01  -.6552108E+01
  -.6724598E+01  -.6862027E+01  -.6971307E+01  -.7073590E+01  -.7181543E+01
  -.7292488E+01  -.7398827E+01  -.7495805E+01  -.7576806E+01  -.7634408E+01
  -.7668537E+01  -.7683945E+01  -.7686343E+01  -.7680772E+01  -.7667502E+01
  -.7650737E+01  -.7651333E+01  -.7698115E+01  -.7809643E+01  -.7975998E+01
  -.8157270E+01  -.8320344E+01  -.8457901E+01  -.8570304E+01  -.8655061E+01
  -.8703926E+01  -.8714556E+01  -.8710087E+01  -.8718914E+01  -.8747356E+01
  -.8790850E+01  -.8836646E+01  -.8855430E+01  -.8822447E+01  -.8741371E+01
  -.8630964E+01  -.8494542E+01  -.8324507E+01  -.8131947E+01  -.7937658E+01
  -.7744515E+01  -.7550008E+01  -.7366258E+01  -.7207141E+01  -.7074930E+01
  -.6970318E+01  -.6900035E+01  -.6865733E+01  -.6842864E+01  -.6786099E+01
  -.6666615E+01  -.6484189E+01  -.6244535E+01  -.5945365E+01  -.5589217E+01
  -.5198097E+01  -.4800135E+01  -.4405368E+01  -.4010610E+01  -.3615685E+01
  -.3218217E+01  -.2815039E+01  -.2416868E+01  -.2045009E+01  -.1717400E+01
  -.1439858E+01  -.1214646E+01  -.1056357E+01  -.9800983E+00  -.9763418E+00
  -.1011924E+01  -.1053860E+01  -.1080974E+01  -.1084261E+01  -.1074524E+01
  -.1079900E+01  -.1125286E+01  -.1218943E+01  -.1357072E+01  -.1532565E+01
  -.1734300E+01  -.1939996E+01  -.2119271E+01  -.2241061E+01  -.2277949E+01
  -.2209727E+01  -.2032282E+01  -.1766415E+01  -.1439672E+01  -.1065204E+01
  -.6485495E+00  -.2006414E+00   .2567051E+00   .6947941E+00   .1100630E+01
   .1491151E+01   .1889775E+01   .2305012E+01   .2737773E+01   .3185647E+01
   .3635519E+01   .4062797E+01   .4443400E+01   .4773719E+01   .5071222E+01
   .5351447E+01   .5618648E+01   .5871625E+01   .6103757E+01   .6303436E+01
   .6458527E+01   .6556522E+01   .6586067E+01   .6543085E+01   .6442342E+01
   .6319118E+01   .6208721E+01   .6137945E+01   .6131318E+01   .6204423E+01
   .6356359E+01   .6574420E+01   .6840120E+01   .7132928E+01   .7435939E+01
   .7733869E+01   .8003950E+01   .8219179E+01   .8364955E+01   .8449796E+01
   .8492793E+01   .8501380E+01   .8468658E+01   .8392753E+01   .8285424E+01
   .8152769E+01   .7983586E+01   .7761108E+01   .7471197E+01   .7103482E+01
   .6672259E+01   .6224552E+01   .5801498E+01   .5417326E+01   .5073981E+01
   .4768407E+01   .4494863E+01   .4250271E+01   .4032665E+01   .3832805E+01
   .3630710E+01   .3406852E+01   .3159406E+01   .2896156E+01   .2615483E+01
   .2316286E+01   .2002915E+01   .1678706E+01   .1358297E+01   .1068822E+01
   .8325643E+00   .6562795E+00   .5326815E+00   .4459688E+00   .3784068E+00
   .3181767E+00   .2586410E+00   .1952611E+00   .1276390E+00   .5724025E-01
  -.1544537E-01  -.8955144E-01  -.1651058E+00  -.2391892E+00  -.3078833E+00
  -.3760398E+00  -.4507477E+00  -.5339678E+00  -.6296867E+00  -.7505931E+00
  -.9161126E+00  -.1141301E+01  -.1420237E+01  -.1727877E+01  -.2035587E+01
  -.2318953E+01  -.2563277E+01  -.2763368E+01  -.2919857E+01  -.3037350E+01
  -.3124483E+01  -.3193064E+01  -.3250750E+01  -.3292195E+01  -.3296311E+01
  -.3238115E+01  -.3102693E+01  -.2890028E+01  -.2616361E+01  -.2304414E+01
  -.1976879E+01  -.1661212E+01  -.1382514E+01  -.1154067E+01  -.9787911E+00
  -.8552353E+00  -.7799245E+00  -.7314383E+00  -.6644998E+00  -.5440399E+00
  -.3707431E+00  -.1633803E+00   .6542012E-01   .3080113E+00   .5470627E+00
   .7637987E+00   .9626556E+00   .1164195E+01   .1377530E+01   .1593990E+01
   .1804328E+01   .2014243E+01   .2239899E+01   .2489790E+01   .2750610E+01
   .3003109E+01   .3249129E+01   .3502473E+01   .3762327E+01   .4014227E+01
   .4246937E+01   .4458089E+01   .4653935E+01   .4839198E+01   .5005427E+01
   .5149017E+01   .5286716E+01   .5427521E+01   .5553767E+01   .5644512E+01
   .5691032E+01   .5694170E+01   .5671885E+01   .5656670E+01   .5667969E+01
   .5702907E+01   .5750923E+01   .5794979E+01   .5813418E+01   .5794807E+01
   .5743012E+01   .5671745E+01   .5597939E+01   .5538748E+01   .5510866E+01
   .5523314E+01   .5572469E+01   .5646880E+01   .5729895E+01   .5804884E+01
   .5866228E+01   .5914521E+01   .5942248E+01   .5933883E+01   .5876092E+01
   .5766210E+01   .5614422E+01   .5435119E+01   .5236987E+01   .5024325E+01
   .4800195E+01   .4566665E+01   .4329446E+01   .4100882E+01   .3888284E+01
   .3681999E+01   .3467938E+01   .3243761E+01   .3015214E+01   .2782493E+01
   .2534763E+01   .2261104E+01   .1965126E+01   .1666620E+01   .1380776E+01
   .1098966E+01   .8021231E+00   .4852340E+00   .1597358E+00  -.1607420E+00
  -.4679165E+00  -.7542553E+00  -.1015447E+01  -.1263866E+01  -.1521905E+01
  -.1796847E+01  -.2076143E+01  -.2341208E+01  -.2575649E+01  -.2766640E+01
  -.2902679E+01  -.2973521E+01  -.2977507E+01  -.2926855E+01  -.2843003E+01
  -.2749274E+01  -.2664507E+01  -.2599200E+01  -.2561061E+01  -.2558817E+01
  -.2591688E+01  -.2639596E+01  -.2674457E+01  -.2678974E+01  -.2647452E+01
  -.2575826E+01  -.2461599E+01  -.2313506E+01  -.2155345E+01  -.2018084E+01
  -.1925127E+01  -.1879585E+01  -.1867231E+01  -.1873284E+01  -.1889631E+01
  -.1905577E+01  -.1904089E+01  -.1876904E+01  -.1836648E+01  -.1807691E+01
  -.1810910E+01  -.1855850E+01  -.1941058E+01  -.2057555E+01  -.2190321E+01
  -.2322795E+01  -.2443283E+01  -.2545795E+01  -.2630413E+01  -.2706501E+01
  -.2789897E+01  -.2894286E+01  -.3023568E+01  -.3169598E+01  -.3319186E+01
  -.3464491E+01  -.3605337E+01  -.3743090E+01  -.3875816E+01  -.3998038E+01
  -.4102859E+01  -.4185826E+01  -.4245153E+01  -.4275757E+01  -.4269094E+01
  -.4223024E+01  -.4146700E+01  -.4052588E+01  -.3945682E+01  -.3822683E+01
  -.3676658E+01  -.3499636E+01  -.3289183E+01  -.3056260E+01  -.2822094E+01
  -.2605438E+01  -.2411760E+01  -.2230200E+01  -.2042034E+01  -.1837339E+01
  -.1622313E+01  -.1412351E+01  -.1223106E+01  -.1064581E+01  -.9376402E+00
  -.8323213E+00  -.7296620E+00  -.6108441E+00  -.4691243E+00  -.3125014E+00
  -.1511928E+00   .1432502E-01   .1911450E+00   .3862126E+00   .6018267E+00
   .8362429E+00   .1086703E+01   .1349883E+01   .1620565E+01   .1893438E+01
   .2163182E+01   .2420812E+01   .2656386E+01   .2865197E+01   .3050804E+01
   .3225914E+01   .3406206E+01   .3597300E+01   .3789726E+01   .3970619E+01
   .4135648E+01   .4285378E+01   .4416117E+01   .4519951E+01   .4594939E+01
   .4652010E+01   .4707947E+01   .4774564E+01   .4856564E+01   .4955307E+01
   .5068933E+01   .5188328E+01   .5297415E+01   .5379368E+01   .5423078E+01
   .5424821E+01   .5384502E+01   .5303424E+01   .5187318E+01   .5046616E+01
   .4891395E+01   .4728228E+01   .4559928E+01   .4384249E+01   .4193888E+01
   .3983342E+01   .3756014E+01   .3520681E+01   .3283434E+01   .3045293E+01
   .2804209E+01   .2558217E+01   .2306239E+01   .2047164E+01   .1782755E+01
   .1517938E+01   .1254811E+01   .9918361E+00   .7287247E+00   .4665534E+00
   .2045241E+00  -.5938869E-01  -.3254410E+00  -.5914071E+00  -.8551557E+00
  -.1117848E+01  -.1382390E+01  -.1648552E+01  -.1913261E+01  -.2174898E+01
  -.2433668E+01  -.2687912E+01  -.2931784E+01  -.3157136E+01  -.3356559E+01
  -.3525561E+01  -.3663626E+01  -.3772186E+01  -.3852523E+01  -.3907749E+01
  -.3943697E+01  -.3964502E+01  -.3970879E+01  -.3963400E+01  -.3943989E+01
  -.3915549E+01  -.3881593E+01  -.3843987E+01  -.3799196E+01  -.3738406E+01
  -.3652366E+01  -.3535247E+01  -.3385745E+01  -.3207398E+01  -.3007901E+01
  -.2794761E+01  -.2570696E+01  -.2335398E+01  -.2092025E+01  -.1848990E+01
  -.1614387E+01  -.1393005E+01  -.1187406E+01  -.9965337E+00  -.8151999E+00
  -.6380574E+00  -.4636214E+00  -.2953406E+00  -.1390883E+00   .4040521E-03
   .1199049E+00   .2168145E+00   .2906442E+00   .3450934E+00   .3852683E+00
   .4128064E+00   .4266072E+00   .4261440E+00   .4121992E+00   .3863476E+00
   .3523386E+00   .3180343E+00   .2920990E+00   .2780478E+00   .2736076E+00
   .2733446E+00   .2702814E+00   .2590556E+00   .2385030E+00   .2085936E+00
   .1658271E+00   .1041591E+00   .1997530E-01  -.8594471E-01  -.2103591E+00
  -.3487522E+00  -.4953327E+00  -.6435723E+00  -.7859181E+00  -.9142430E+00
  -.1022660E+01  -.1108663E+01  -.1172554E+01  -.1217283E+01  -.1245968E+01
  -.1258068E+01  -.1248914E+01  -.1212815E+01  -.1147298E+01  -.1056924E+01
  -.9515428E+00  -.8393909E+00  -.7251684E+00  -.6127481E+00  -.5071603E+00
  -.4155324E+00  -.3449437E+00  -.2982699E+00  -.2718152E+00  -.2577399E+00
  -.2500100E+00  -.2457362E+00  -.2411132E+00  -.2303085E+00  -.2089793E+00
  -.1760735E+00  -.1325603E+00  -.8082678E-01  -.2369541E-01   .3714614E-01
   .1018253E+00   .1723245E+00   .2508043E+00   .3371209E+00   .4275432E+00
   .5163055E+00   .5988690E+00   .6728772E+00   .7370085E+00   .7905643E+00
   .8335900E+00   .8654944E+00   .8838497E+00   .8857837E+00   .8692714E+00
   .8324842E+00   .7736072E+00   .6913931E+00   .5854863E+00   .4581402E+00
   .3157695E+00   .1663971E+00   .1539509E-01  -.1357122E+00  -.2872114E+00
  -.4382612E+00  -.5865419E+00  -.7311870E+00  -.8746832E+00  -.1021084E+01
  -.1173727E+01  -.1335162E+01  -.1506706E+01  -.1686648E+01  -.1870109E+01
  -.2050902E+01  -.2222859E+01  -.2381082E+01  -.2523734E+01  -.2652585E+01
  -.2771051E+01  -.2880948E+01  -.2981082E+01  -.3067877E+01  -.3137725E+01
  -.3189817E+01  -.3226226E+01  -.3249853E+01  -.3262823E+01  -.3266365E+01
  -.3261147E+01  -.3247418E+01  -.3225108E+01  -.3193682E+01  -.3153202E+01
  -.3105978E+01  -.3056009E+01  -.3006639E+01  -.2958527E+01  -.2909389E+01
  -.2855665E+01  -.2794419E+01  -.2725040E+01  -.2650124E+01  -.2574144E+01
  -.2501712E+01  -.2437158E+01  -.2384289E+01  -.2345351E+01  -.2319539E+01
  -.2303929E+01  -.2296955E+01  -.2299263E+01  -.2310910E+01  -.2329532E+01
  -.2351837E+01  -.2375807E+01  -.2400410E+01  -.2423681E+01  -.2442990E+01
  -.2457555E+01  -.2468730E+01  -.2477223E+01  -.2481966E+01  -.2481722E+01
  -.2475606E+01  -.2462197E+01  -.2439555E+01  -.2406080E+01  -.2361935E+01
  -.2309831E+01  -.2253376E+01  -.2195334E+01  -.2137964E+01  -.2083743E+01
  -.2034096E+01  -.1988277E+01  -.1944893E+01  -.1903146E+01  -.1862625E+01
  -.1822616E+01  -.1781870E+01  -.1739510E+01  -.1696068E+01  -.1653234E+01
  -.1612599E+01  -.1574434E+01  -.1537237E+01  -.1498880E+01  -.1457801E+01
  -.1413314E+01  -.1366708E+01  -.1322154E+01  -.1285322E+01  -.1261450E+01
  -.1254543E+01  -.1266912E+01  -.1298421E+01  -.1346572E+01  -.1408188E+01
  -.1480264E+01  -.1559637E+01  -.1643000E+01  -.1726935E+01  -.1808017E+01
  -.1883267E+01  -.1950640E+01  -.2009063E+01  -.2057910E+01  -.2097194E+01
  -.2128559E+01  -.2154838E+01  -.2178631E+01  -.2202467E+01  -.2229074E+01
  -.2259032E+01  -.2288102E+01  -.2309230E+01  -.2316889E+01  -.2307433E+01
  -.2277508E+01  -.2224692E+01  -.2148106E+01  -.2046835E+01  -.1918927E+01
  -.1762240E+01  -.1576316E+01  -.1364927E+01  -.1135664E+01  -.8961102E+00
  -.6508853E+00  -.4007504E+00  -.1436737E+00   .1226455E+00   .3980228E+00
   .6786028E+00   .9590506E+00   .1235273E+01   .1504538E+01   .1764523E+01
   .2012824E+01   .2247213E+01   .2466093E+01   .2668326E+01   .2853007E+01
   .3019950E+01   .3170195E+01   .3304948E+01   .3424420E+01   .3528915E+01
   .3620650E+01   .3703953E+01   .3783519E+01   .3862892E+01   .3944245E+01
   .4028584E+01   .4115693E+01   .4203464E+01   .4288278E+01   .4367092E+01
   .4438950E+01   .4504718E+01   .4566419E+01   .4626320E+01   .4684750E+01
   .4738945E+01   .4785280E+01   .4822504E+01   .4852605E+01   .4879151E+01
   .4905024E+01   .4930680E+01   .4954150E+01   .4973086E+01   .4986079E+01
   .4991813E+01   .4988473E+01   .4974529E+01   .4949501E+01   .4913500E+01
   .4866519E+01   .4808663E+01   .4740865E+01   .4665050E+01   .4583291E+01
   .4497116E+01   .4407302E+01   .4314177E+01   .4219035E+01   .4124545E+01
   .4032360E+01   .3941385E+01   .3849693E+01   .3757464E+01   .3666906E+01
   .3579678E+01   .3495420E+01   .3412058E+01   .3326977E+01   .3238273E+01
   .3145292E+01   .3049028E+01   .2951910E+01   .2856359E+01   .2762881E+01
   .2668876E+01   .2569893E+01   .2461803E+01   .2341411E+01   .2206286E+01
   .2054929E+01   .1887497E+01   .1706010E+01   .1513342E+01   .1312095E+01
   .1104729E+01   .8942933E+00   .6838519E+00   .4752747E+00   .2694001E+00
   .6724641E-01  -.1290479E+00  -.3163711E+00  -.4920880E+00  -.6554975E+00
  -.8074291E+00  -.9486412E+00  -.1079536E+01  -.1201615E+01  -.1318470E+01
  -.1433775E+01  -.1548268E+01  -.1659945E+01  -.1767012E+01  -.1869771E+01
  -.1969720E+01  -.2067959E+01  -.2164798E+01  -.2260219E+01  -.2354316E+01
  -.2447489E+01  -.2540132E+01  -.2632030E+01  -.2722556E+01  -.2812117E+01
  -.2902846E+01  -.2996914E+01  -.3094751E+01  -.3195379E+01  -.3297358E+01
  -.3398336E+01  -.3495125E+01  -.3585374E+01  -.3668024E+01  -.3742327E+01
  -.3807656E+01  -.3863964E+01  -.3911425E+01  -.3949970E+01  -.3979483E+01
  -.4000031E+01  -.4012527E+01  -.4019081E+01  -.4021965E+01  -.4022389E+01
  -.4020318E+01  -.4015353E+01  -.4007366E+01  -.3996283E+01  -.3981633E+01
  -.3962216E+01  -.3936271E+01  -.3901787E+01  -.3856951E+01  -.3800828E+01
  -.3733335E+01  -.3654939E+01  -.3566821E+01  -.3471042E+01  -.3370178E+01
  -.3265928E+01  -.3158043E+01  -.3045233E+01  -.2926799E+01  -.2803308E+01
  -.2676351E+01  -.2548036E+01  -.2420256E+01  -.2293810E+01  -.2168300E+01
  -.2043136E+01  -.1918505E+01  -.1795489E+01  -.1675481E+01  -.1559631E+01
  -.1448831E+01  -.1343892E+01  -.1245816E+01  -.1155512E+01  -.1073427E+01
  -.9998869E+00  -.9354792E+00  -.8810114E+00  -.8367486E+00  -.8013239E+00
  -.7715727E+00  -.7441205E+00  -.7173694E+00  -.6917779E+00  -.6685521E+00
  -.6481588E+00  -.6296786E+00  -.6113465E+00  -.5917061E+00  -.5702488E+00
  -.5475848E+00  -.5258040E+00  -.5081274E+00  -.4972524E+00  -.4941237E+00
  -.4983034E+00  -.5086792E+00  -.5232210E+00  -.5387417E+00  -.5520110E+00
  -.5611955E+00  -.5662551E+00  -.5683143E+00  -.5685263E+00  -.5671103E+00
  -.5631065E+00  -.5548646E+00  -.5408026E+00  -.5199363E+00  -.4920039E+00
  -.4576690E+00  -.4189666E+00  -.3793595E+00  -.3426625E+00  -.3113461E+00
  -.2859575E+00  -.2656590E+00  -.2488327E+00  -.2336840E+00  -.2186303E+00
  -.2022481E+00  -.1834289E+00  -.1616902E+00  -.1374291E+00  -.1123225E+00
  -.8888609E-01  -.6935072E-01  -.5491451E-01  -.4563800E-01  -.4065129E-01
  -.3813119E-01  -.3568767E-01  -.3109927E-01  -.2288885E-01  -.1038244E-01
   .7430678E-02   .3280064E-01   .6824953E-01   .1150578E+00   .1732897E+00
   .2429406E+00   .3245752E+00   .4189299E+00   .5261170E+00   .6453527E+00
   .7754789E+00   .9153771E+00   .1063867E+01   .1220051E+01   .1383343E+01
   .1553084E+01   .1728848E+01   .1910750E+01   .2098849E+01   .2291982E+01
   .2487852E+01   .2684124E+01   .2878583E+01   .3068893E+01   .3252762E+01
   .3428164E+01   .3593437E+01   .3747383E+01   .3889599E+01   .4020567E+01
   .4140958E+01   .4251025E+01   .4351057E+01   .4442028E+01   .4525494E+01
   .4603147E+01   .4676314E+01   .4745496E+01   .4810524E+01   .4871094E+01
   .4927337E+01   .4980227E+01   .5031349E+01   .5082108E+01   .5132878E+01
   .5182766E+01   .5230148E+01   .5273156E+01   .5309968E+01   .5339118E+01
   .5359635E+01   .5371105E+01   .5373393E+01   .5365988E+01   .5348427E+01
   .5321139E+01   .5284939E+01   .5240361E+01   .5187886E+01   .5128340E+01
   .5062459E+01   .4990316E+01   .4911729E+01   .4826784E+01   .4735462E+01
   .4637303E+01   .4531882E+01   .4419111E+01   .4299029E+01   .4171602E+01
   .4036745E+01   .3894477E+01   .3745100E+01   .3589481E+01   .3428980E+01
   .3265005E+01   .3098538E+01   .2929749E+01   .2758183E+01   .2584025E+01
   .2409161E+01   .2236518E+01   .2068827E+01   .1907937E+01   .1754363E+01
   .1606861E+01   .1462496E+01   .1318039E+01   .1171796E+01   .1023967E+01
   .8760283E+00   .7297531E+00   .5863012E+00   .4460489E+00   .3084898E+00
   .1721550E+00   .3518364E-01  -.1035277E+00  -.2434885E+00  -.3832832E+00
  -.5218108E+00  -.6580674E+00  -.7901885E+00  -.9152775E+00  -.1030225E+01
  -.1132855E+01  -.1222204E+01  -.1298040E+01  -.1360262E+01  -.1408254E+01
  -.1440817E+01  -.1457656E+01  -.1461035E+01  -.1454457E+01  -.1440375E+01
  -.1419925E+01  -.1393238E+01  -.1359553E+01  -.1317774E+01  -.1268031E+01
  -.1213138E+01  -.1157744E+01  -.1105939E+01  -.1060318E+01  -.1022251E+01
  -.9914232E+00  -.9657155E+00  -.9427323E+00  -.9212341E+00  -.9008511E+00
  -.8816632E+00  -.8645371E+00  -.8505732E+00  -.8398649E+00  -.8313934E+00
  -.8238293E+00  -.8162307E+00  -.8083478E+00  -.8006146E+00  -.7944250E+00
  -.7915912E+00  -.7929820E+00  -.7983531E+00  -.8069980E+00  -.8178195E+00
  -.8288315E+00  -.8376228E+00  -.8428208E+00  -.8439553E+00  -.8399853E+00
  -.8295527E+00  -.8121910E+00  -.7886393E+00  -.7609670E+00  -.7319081E+00
  -.7031822E+00  -.6747636E+00  -.6455941E+00  -.6145289E+00  -.5810101E+00
  -.5455747E+00  -.5097766E+00  -.4752282E+00  -.4426793E+00  -.4119348E+00
  -.3818296E+00  -.3506128E+00  -.3174884E+00  -.2833470E+00  -.2499250E+00
  -.2187253E+00  -.1906144E+00  -.1661772E+00  -.1456994E+00  -.1285395E+00
  -.1131941E+00  -.9839946E-01  -.8399393E-01  -.7065316E-01  -.5908071E-01
  -.4996882E-01  -.4431979E-01  -.4306680E-01  -.4666487E-01  -.5508667E-01
  -.6799075E-01  -.8482201E-01  -.1047858E+00  -.1269551E+00  -.1506850E+00
  -.1759402E+00  -.2029681E+00  -.2313412E+00  -.2596396E+00  -.2864844E+00
  -.3111450E+00  -.3332818E+00  -.3531073E+00  -.3715276E+00  -.3897513E+00
  -.4085928E+00  -.4281077E+00  -.4482387E+00  -.4692525E+00  -.4913945E+00
  -.5144325E+00  -.5371962E+00  -.5578713E+00  -.5751630E+00  -.5891107E+00
  -.6009449E+00  -.6125466E+00  -.6259291E+00  -.6426467E+00  -.6634497E+00
  -.6882262E+00  -.7159849E+00  -.7449739E+00  -.7732361E+00  -.7995178E+00
  -.8236294E+00  -.8460796E+00  -.8674772E+00  -.8875768E+00  -.9049302E+00
  -.9178497E+00  -.9254862E+00  -.9286032E+00  -.9298090E+00  -.9327848E+00
  -.9411825E+00  -.9579035E+00  -.9846443E+00  -.1021596E+01  -.1067413E+01
  -.1119590E+01  -.1175358E+01  -.1232261E+01  -.1288142E+01  -.1341418E+01
  -.1390996E+01  -.1435771E+01  -.1474911E+01  -.1508229E+01  -.1535960E+01
  -.1558031E+01  -.1573549E+01  -.1581034E+01  -.1578809E+01  -.1565544E+01
  -.1541006E+01  -.1506343E+01  -.1463319E+01  -.1413305E+01  -.1357156E+01
  -.1295724E+01  -.1230154E+01  -.1161663E+01  -.1091158E+01  -.1018917E+01
  -.9445706E+00  -.8676054E+00  -.7880268E+00  -.7064174E+00  -.6237556E+00
  -.5414135E+00  -.4608621E+00  -.3833799E+00  -.3102200E+00  -.2425725E+00
  -.1808482E+00  -.1245402E+00  -.7292648E-01  -.2550885E-01   .1770765E-01
   .5633511E-01   .9032883E-01   .1203565E+00   .1475091E+00   .1726764E+00
   .1960943E+00   .2176339E+00   .2371726E+00   .2546416E+00   .2701378E+00
   .2838585E+00   .2956384E+00   .3048899E+00   .3115130E+00   .3160279E+00
   .3188903E+00   .3206712E+00   .3223784E+00   .3251059E+00   .3295620E+00
   .3360152E+00   .3444755E+00   .3548025E+00   .3666405E+00   .3795842E+00
   .3934068E+00   .4075901E+00   .4208812E+00   .4318056E+00   .4394857E+00
   .4436883E+00   .4443904E+00   .4415353E+00   .4349165E+00   .4242140E+00
   .4090975E+00   .3891549E+00   .3640441E+00   .3338949E+00   .2993033E+00
   .2611948E+00   .2206988E+00   .1786125E+00   .1350775E+00   .8985280E-01
   .4296186E-01  -.5003793E-02  -.5343090E-01  -.1021057E+00  -.1512546E+00
  -.2014767E+00  -.2534512E+00  -.3074831E+00  -.3633059E+00  -.4204015E+00
  -.4782735E+00  -.5364108E+00  -.5941825E+00  -.6509685E+00  -.7061265E+00
  -.7586445E+00  -.8073993E+00  -.8516241E+00  -.8908500E+00  -.9248183E+00
  -.9530480E+00  -.9746583E+00  -.9894663E+00  -.9984931E+00  -.1002937E+01
  -.1003073E+01  -.9984078E+00  -.9885035E+00  -.9730481E+00  -.9517450E+00
  -.9244750E+00  -.8913956E+00  -.8528935E+00  -.8093704E+00  -.7612981E+00
  -.7092744E+00  -.6537163E+00  -.5943804E+00  -.5302535E+00  -.4601751E+00
  -.3836658E+00  -.3012798E+00  -.2142084E+00  -.1238308E+00  -.3186686E-01
   .5961887E-01   .1487958E+00   .2346055E+00   .3166287E+00   .3944843E+00
   .4678568E+00   .5368484E+00   .6015286E+00   .6613137E+00   .7152295E+00
   .7626900E+00   .8038253E+00   .8392136E+00   .8695733E+00   .8956808E+00
   .9183955E+00   .9386934E+00   .9573263E+00   .9742677E+00   .9886510E+00
   .9991933E+00   .1004997E+01   .1005997E+01   .1002373E+01   .9938252E+00
   .9796125E+00   .9589483E+00   .9314553E+00   .8977492E+00   .8591691E+00
   .8170171E+00   .7722856E+00   .7254584E+00   .6765607E+00   .6256836E+00
   .5734230E+00   .5207993E+00   .4688411E+00   .4184389E+00   .3704601E+00
   .3254036E+00   .2828183E+00   .2414255E+00   .1999651E+00   .1579736E+00
   .1159823E+00   .7507982E-01   .3608309E-01  -.9715464E-03  -.3676924E-01
  -.7207216E-01  -.1071249E+00  -.1419245E+00  -.1763417E+00  -.2099538E+00
  -.2421408E+00  -.2725418E+00  -.3016166E+00  -.3302523E+00  -.3590084E+00
  -.3882723E+00  -.4184947E+00  -.4496718E+00  -.4813613E+00  -.5133460E+00
  -.5458584E+00  -.5793147E+00  -.6138234E+00  -.6490620E+00  -.6846059E+00
  -.7199749E+00  -.7546355E+00  -.7882267E+00  -.8206687E+00  -.8524688E+00
  -.8849547E+00  -.9200428E+00  -.9596841E+00  -.1005363E+01  -.1057866E+01
  -.1116712E+01  -.1179850E+01  -.1244511E+01  -.1308352E+01  -.1369789E+01
  -.1428011E+01  -.1483174E+01  -.1536030E+01  -.1587371E+01  -.1637523E+01
  -.1685987E+01  -.1731683E+01  -.1773286E+01  -.1809844E+01  -.1841457E+01
  -.1868946E+01  -.1893050E+01  -.1914062E+01  -.1931884E+01  -.1946409E+01
  -.1957530E+01  -.1964686E+01  -.1966753E+01  -.1962600E+01  -.1951767E+01
  -.1934589E+01  -.1911918E+01  -.1884847E+01  -.1854352E+01  -.1820933E+01
  -.1784701E+01  -.1745619E+01  -.1703458E+01  -.1657791E+01  -.1608301E+01
  -.1554957E+01  -.1497961E+01  -.1437704E+01  -.1374533E+01  -.1308590E+01
  -.1240007E+01  -.1169086E+01  -.1096240E+01  -.1021895E+01  -.9466437E+00
  -.8711563E+00  -.7958192E+00  -.7206655E+00  -.6455018E+00  -.5701602E+00
  -.4946516E+00  -.4193529E+00  -.3453289E+00  -.2740498E+00  -.2066562E+00
  -.1433645E+00  -.8365226E-01  -.2690966E-01   .2697629E-01   .7729213E-01
   .1227561E+00   .1619354E+00   .1938461E+00   .2182512E+00   .2355015E+00
   .2463086E+00   .2513819E+00   .2514694E+00   .2474177E+00   .2397970E+00
   .2289184E+00   .2153348E+00   .1999504E+00   .1837798E+00   .1677701E+00
   .1527459E+00   .1394166E+00   .1282724E+00   .1197936E+00   .1145660E+00
   .1127051E+00   .1136320E+00   .1165953E+00   .1211016E+00   .1268881E+00
   .1339500E+00   .1426123E+00   .1533723E+00   .1668300E+00   .1832549E+00
   .2021568E+00   .2226546E+00   .2440339E+00   .2660018E+00   .2882764E+00
   .3101133E+00   .3306571E+00   .3493881E+00   .3661895E+00   .3812968E+00
   .3953866E+00   .4093315E+00   .4236275E+00   .4382000E+00   .4523932E+00
   .4652813E+00   .4760775E+00   .4840642E+00   .4886520E+00   .4896859E+00
   .4872247E+00   .4813301E+00   .4724969E+00   .4617694E+00   .4503094E+00
   .4392015E+00   .4293991E+00   .4216422E+00   .4164742E+00   .4140322E+00
   .4138360E+00   .4150677E+00   .4169413E+00   .4187515E+00   .4198518E+00
   .4198933E+00   .4190886E+00   .4179459E+00   .4169117E+00   .4165530E+00
   .4174225E+00   .4193810E+00   .4217119E+00   .4235523E+00   .4237822E+00
   .4212345E+00   .4151234E+00   .4050496E+00   .3910677E+00   .3737040E+00
   .3533799E+00   .3302067E+00   .3044236E+00   .2767570E+00   .2483745E+00
   .2203993E+00   .1935900E+00   .1682253E+00   .1442366E+00   .1214883E+00
   .9988160E-01   .7929685E-01   .5927781E-01   .3918088E-01   .1886754E-01
  -.1346800E-02  -.2145327E-01  -.4173811E-01  -.6226547E-01  -.8284494E-01
  -.1031116E+00  -.1225595E+00  -.1409546E+00  -.1586435E+00  -.1762164E+00
  -.1941532E+00  -.2127910E+00  -.2323121E+00  -.2525117E+00  -.2729652E+00
  -.2933529E+00  -.3131614E+00  -.3316139E+00  -.3479368E+00  -.3615726E+00
  -.3723502E+00  -.3805281E+00  -.3868215E+00  -.3921202E+00  -.3969071E+00
  -.4008027E+00  -.4027915E+00  -.4018802E+00  -.3974264E+00  -.3891957E+00
  -.3771702E+00  -.3614961E+00  -.3426212E+00  -.3212970E+00  -.2984596E+00
  -.2748920E+00  -.2509374E+00  -.2263186E+00  -.2004208E+00  -.1730906E+00
  -.1447478E+00  -.1158368E+00  -.8655217E-01  -.5697128E-01  -.2722015E-01
   .2720239E-02   .3316444E-01   .6443492E-01   .9655998E-01   .1292423E+00
   .1620810E+00   .1948697E+00   .2275953E+00   .2600681E+00   .2916719E+00
   .3216257E+00   .3494970E+00   .3754233E+00   .3999856E+00   .4238583E+00
   .4476469E+00   .4719282E+00   .4970825E+00   .5232625E+00   .5502364E+00
   .5772579E+00   .6033880E+00   .6278561E+00   .6502846E+00   .6704177E+00
   .6880374E+00   .7034580E+00   .7173158E+00   .7299679E+00   .7415108E+00
   .7519827E+00   .7613108E+00   .7691714E+00   .7750414E+00   .7785410E+00
   .7797669E+00   .7792509E+00   .7775621E+00   .7749409E+00   .7713621E+00
   .7667669E+00   .7610361E+00   .7541226E+00   .7462524E+00   .7375959E+00
   .7282323E+00   .7185317E+00   .7091290E+00   .7006852E+00   .6936327E+00
   .6880268E+00   .6834898E+00   .6795020E+00   .6759471E+00   .6731429E+00
   .6715273E+00   .6712892E+00   .6721871E+00   .6737533E+00   .6757203E+00
   .6781525E+00   .6812886E+00   .6854222E+00   .6906424E+00   .6969965E+00
   .7049255E+00   .7149525E+00   .7270325E+00   .7407297E+00   .7555491E+00
   .7708453E+00   .7859692E+00   .8005042E+00   .8142407E+00   .8269149E+00
   .8382614E+00   .8481468E+00   .8563741E+00   .8624205E+00   .8654160E+00
   .8645182E+00   .8589920E+00   .8480851E+00   .8313748E+00   .8091761E+00
   .7824200E+00   .7522866E+00   .7199799E+00   .6864302E+00   .6521350E+00
   .6172783E+00   .5818126E+00   .5456552E+00   .5088355E+00   .4712829E+00
   .4328264E+00   .3935004E+00   .3536342E+00   .3138822E+00   .2751724E+00
   .2384640E+00   .2045076E+00   .1736109E+00   .1456075E+00   .1199828E+00
   .9599641E-01   .7299271E-01   .5070694E-01   .2926022E-01   .8966873E-02
  -.9758172E-02  -.2639448E-01  -.4054448E-01  -.5215640E-01  -.6136210E-01
  -.6823830E-01  -.7288413E-01  -.7560077E-01  -.7672483E-01  -.7642329E-01
  -.7479459E-01  -.7205402E-01  -.6854033E-01  -.6460316E-01  -.6059550E-01
  -.5671754E-01  -.5283928E-01  -.4879206E-01  -.4461798E-01  -.4042168E-01
  -.3626695E-01  -.3215594E-01  -.2800810E-01  -.2378998E-01  -.1953021E-01
  -.1517777E-01  -.1069114E-01  -.6191500E-02  -.1923659E-02   .1962005E-02
   .5574702E-02   .9147517E-02   .1287857E-01   .1694441E-01   .2142941E-01
   .2622075E-01   .3109599E-01   .3581772E-01   .4013865E-01   .4384636E-01
   .4687427E-01   .4934069E-01   .5145230E-01   .5337741E-01   .5520549E-01
   .5697990E-01   .5869867E-01   .6033889E-01   .6190340E-01   .6344821E-01
   .6504812E-01   .6671629E-01   .6841820E-01   .7012471E-01   .7176515E-01
   .7317857E-01   .7418712E-01   .7470383E-01   .7473915E-01   .7429973E-01
   .7338737E-01   .7207918E-01   .7047502E-01   .6862849E-01   .6656692E-01
   .6433819E-01   .6204879E-01   .5984045E-01   .5782459E-01   .5603484E-01
   .5443872E-01   .5300814E-01   .5173735E-01   .5060542E-01   .4959060E-01
   .4870209E-01   .4794693E-01   .4729450E-01   .4670866E-01   .4616723E-01
   .4563826E-01   .4507964E-01   .4446538E-01   .4379940E-01   .4309541E-01
   .4235709E-01   .4158353E-01   .4077338E-01   .3991478E-01   .3898162E-01
   .3795395E-01   .3683872E-01   .3566067E-01   .3444058E-01   .3319043E-01
   .3191711E-01   .3062370E-01   .2931254E-01   .2798675E-01   .2664987E-01
   .2530684E-01   .2396751E-01   .2264902E-01   .2137199E-01   .2015316E-01
   .1900191E-01   .1792084E-01   .1690707E-01   .1595599E-01   .1506451E-01
   .1423148E-01   .1345738E-01   .1274249E-01   .1208624E-01   .1148734E-01
   .1094416E-01   .1045538E-01   .1001952E-01   .9634260E-02   .9296158E-02
   .9001585E-02   .8747637E-02   .8532115E-02   .8353294E-02   .8209633E-02
   .8099491E-02   .8020810E-02   .7971104E-02   .7947775E-02   .7948321E-02
   .7970303E-02   .8011270E-02   .8068725E-02   .8140143E-02   .8222975E-02
   .8314646E-02   .8412582E-02   .8514199E-02   .8616882E-02   .8717954E-02
   .8814675E-02   .8904232E-02   .8983733E-02   .9050210E-02   .9100612E-02
