PEER NGA STRONG MOTION DATABASE RECORD
Northridge-01, 1/17/1994, Arleta - Nordhoff Fire Sta, 90
ACCELERATION TIME SERIES IN UNITS OF G
NPTS=   2000, DT=   .0200 SEC                                              
  -.3964760E-02   .1505396E-03  -.1751826E-02  -.1796431E-02  -.3074892E-02
  -.3057605E-02  -.1808823E-02  -.2488504E-02   .1621076E-02   .1852985E-02
   .3660144E-02   .2664718E-02   .6406554E-02   .5016122E-03  -.6884999E-03
  -.1092820E-02  -.2745222E-02  -.1722783E-02  -.3835418E-02   .3559777E-02
  -.5881753E-02   .8746070E-02  -.1489155E-03   .6777741E-02  -.1473175E-01
   .1155452E-02  -.2932586E-02  -.1305348E-01  -.4589529E-02  -.1378234E-01
   .2195425E-01  -.3033673E-01   .1426561E-01  -.2134030E-01   .7366281E-02
   .1812556E-02  -.3844313E-01   .1541707E-01  -.8388110E-02   .2936004E-02
  -.1327122E-01  -.9613461E-02  -.5546172E-02  -.4501659E-02   .1741285E-02
  -.5825038E-02  -.2666564E-02   .6388030E-02   .1109488E-01   .1617152E-01
   .7530695E-02  -.4833107E-03   .8450522E-02   .9568642E-02   .8000620E-02
  -.8571050E-02   .1567722E-01   .2004011E-01   .1539799E-01  -.2539261E-02
   .6499990E-02   .3503507E-01   .1625190E-01  -.4852199E-02  -.1921761E-01
   .1993391E-01   .2227116E-01  -.4141745E-02  -.1106389E-01   .4286253E-02
   .1975736E-01   .1063076E-01  -.1161525E-02   .3749305E-02   .2477776E-01
   .2768552E-01  -.3067109E-02   .8892355E-02   .1301783E-01   .1555680E-01
   .2684221E-02  -.7811130E-02  -.2963002E-02   .1778655E-01   .2037768E-01
  -.9375425E-04  -.2544200E-02   .2157803E-01   .3749399E-01   .1780956E-01
   .2492408E-02   .1634423E-02  -.4461614E-02   .1705461E-02  -.1286951E-01
  -.1556488E-01   .7203707E-02   .8700880E-02   .7537556E-02  -.1267358E-01
   .5614861E-02   .7748214E-02   .1177946E-01   .1492096E-01   .9775649E-02
   .6120247E-02   .1777055E-02   .1213074E-01  -.7659956E-02  -.1588070E-03
   .2407281E-02   .4436853E-01   .1605455E-01  -.8503078E-02  -.8267848E-02
  -.2968955E-01  -.2184263E-01  -.1740789E-01  -.3617334E-01   .4640152E-02
   .3071131E-01  -.2814359E-02  -.1951234E-01  -.3243965E-01   .1140801E-01
   .2155155E-01   .5412668E-01   .5778658E-01   .4868092E-01   .1360888E-01
  -.8123861E-02  -.3829939E-01  -.5109334E-01  -.3516794E-02   .1737733E-01
   .4861809E-01   .1631976E-01   .2964630E-02   .1024089E-02  -.1072704E-01
   .1026870E-01   .1923841E-01   .3049168E-01   .4545448E-01   .5209486E-01
   .2000768E-01  -.2496232E-01  -.1505450E-01   .1993594E-01   .3926611E-01
   .1437703E-01   .4306310E-02  -.3720815E-01  -.1103846E+00  -.1313893E+00
  -.1590517E+00  -.1350698E+00  -.1249732E+00  -.1247505E+00  -.1442689E+00
  -.1758094E+00  -.1776628E+00  -.1906376E+00  -.2203282E+00  -.1788578E+00
  -.9088164E-01  -.7340090E-01  -.8693957E-01  -.1302052E+00  -.1419216E+00
  -.1505392E+00  -.1422117E+00  -.2170589E-01   .8880992E-01   .1780973E+00
   .2479434E+00   .2845036E+00   .2477817E+00   .2703718E+00   .3291951E+00
   .3450987E+00   .2077278E+00   .2316236E-01  -.1074923E-01   .7838061E-01
   .2395580E+00   .2119303E+00   .2138711E+00   .2156761E+00   .1508852E+00
   .1319738E+00   .4541899E-01  -.4224373E-01  -.1040149E+00  -.1363490E+00
  -.1055381E+00  -.4203425E-01  -.6019683E-01  -.1417026E+00  -.2014742E+00
  -.2443171E+00  -.7403312E-01   .4104970E-02  -.7251551E-01  -.9998748E-01
  -.1086874E+00  -.1393470E+00  -.1304909E+00  -.8786212E-02   .4230991E-01
   .3003129E-01   .4262627E-01   .7290696E-01   .2732504E-01  -.8858686E-02
  -.4463859E-01  -.7751263E-01  -.6530171E-01  -.1038247E-01   .1423145E-01
  -.4050153E-01  -.6528230E-01  -.4236080E-01  -.3448440E-01  -.6918083E-01
  -.2728353E-01   .4929371E-01   .1217460E+00   .6425937E-01  -.7779144E-01
  -.1110257E+00  -.4409496E-01   .4748398E-01   .5022800E-01   .6230494E-01
   .1031968E+00   .1124921E+00   .1271352E+00  -.6164709E-02  -.1318340E+00
  -.1600944E+00  -.1375844E+00  -.7341037E-01  -.9922702E-01  -.9515873E-01
   .6301135E-02   .1459018E+00   .2316709E+00   .2268609E+00   .1844302E+00
   .1658255E+00   .1673220E+00   .1065321E+00  -.8376107E-01  -.2155124E+00
  -.1976400E+00  -.1071039E+00  -.6620920E-01  -.9804157E-01  -.1431788E+00
  -.1043957E+00   .6822799E-02   .9375501E-01   .1156326E+00   .7214649E-01
   .1090828E-01  -.4675997E-01  -.8149356E-01  -.1500779E+00  -.1889212E+00
  -.1728140E+00  -.9806291E-01   .6630632E-01   .5009268E-01  -.4790357E-01
  -.6365623E-01  -.2611289E-01   .5289851E-01   .8640055E-01   .1075025E+00
   .1426314E+00   .1817687E+00   .2273006E+00   .2726703E+00   .2099851E+00
   .1397295E+00   .1357893E+00   .5136786E-01  -.1320894E+00  -.2367251E+00
  -.1451670E+00  -.1125751E+00  -.7048901E-01   .1406780E-01   .4859668E-01
   .4240305E-01  -.5185023E-01  -.1287676E+00  -.1165574E+00  -.2428538E-01
   .8669565E-02   .5450201E-02   .2776143E-01   .2127805E-01   .4172368E-01
   .7566901E-01   .9018334E-01   .1254506E+00   .1538073E+00   .1153081E+00
   .2631998E-01  -.1161820E-01  -.2612289E-01  -.1822738E-01  -.5407293E-02
  -.3856066E-01  -.6163743E-01  -.5677743E-01  -.6563438E-01  -.6133435E-01
  -.4281553E-01  -.2281361E-01  -.8461481E-02  -.4938680E-02   .1196244E-01
   .2554654E-01   .7178083E-01   .6885419E-01   .4476971E-01   .3585977E-01
   .4065353E-01   .8740298E-01   .1100304E+00   .9704766E-01   .8965553E-01
   .9544486E-01   .5502413E-01   .2168528E-01  -.1234819E-01  -.4796265E-01
  -.9978389E-01  -.1317131E+00  -.4620349E-01   .1593380E-01  -.1037029E-02
  -.7748914E-01  -.8908046E-01  -.1088420E+00  -.6813786E-01   .2092210E-02
  -.6155484E-02   .2970674E-01   .4295660E-01   .2987517E-01  -.3287104E-01
  -.1820231E-01   .6674605E-02  -.8369221E-02  -.4942507E-01  -.1019213E+00
  -.8886499E-01  -.7066897E-01  -.6954060E-01  -.7170374E-01  -.5983370E-01
  -.4484040E-01  -.1217557E-01   .1710695E-01   .5611622E-01   .1065975E+00
   .9088379E-01   .4006682E-01   .1891965E-01   .4142646E-01   .6814488E-01
   .8129835E-01   .3424021E-01  -.1511493E-01  -.3104976E-01  -.4060954E-01
  -.5073236E-01  -.8514237E-01  -.1079988E+00  -.1325647E+00  -.1078463E+00
  -.3228078E-01   .7372766E-01   .1184025E+00   .7817666E-01   .6004608E-01
   .1846879E-01  -.4232322E-01  -.9379446E-01  -.6894315E-01   .6147285E-02
   .1664522E-01  -.2023581E-01  -.7545029E-01  -.4434520E-01   .6821273E-02
  -.2645495E-01  -.8593191E-01  -.8812764E-01  -.7264064E-01  -.1641889E-01
   .2935300E-01   .3725129E-01   .3920200E-01   .4869461E-01   .1036936E+00
   .1347317E+00   .1287143E+00   .8603710E-01   .8662325E-01   .1301779E+00
   .1765336E+00   .1850513E+00   .1404129E+00   .1024942E+00   .1066148E+00
   .9520496E-01   .1000836E-01  -.6651413E-01  -.1078374E+00  -.1062156E+00
  -.4893237E-01  -.3650462E-01  -.7498604E-01  -.4374431E-01   .2781294E-01
   .6163431E-01   .7062688E-01   .3184166E-01  -.3020564E-01  -.5781362E-01
  -.5644032E-01  -.5844011E-01  -.6938528E-01  -.9041310E-01  -.8763003E-01
  -.8197355E-01  -.7829280E-01  -.8830960E-01  -.6863517E-01  -.2681753E-01
  -.4902321E-01  -.1025061E+00  -.1005398E+00  -.2793228E-01   .2289314E-01
   .7456725E-01   .8846367E-01   .4161503E-01   .2592335E-01   .3526555E-01
  -.2806821E-01  -.1013122E+00  -.1464165E+00  -.1455473E+00  -.9249896E-01
  -.5551962E-01  -.1941440E-01   .2176025E-01   .3971566E-01   .7120929E-02
  -.1941350E-02  -.1113109E-01  -.4122672E-01  -.2465119E-01  -.1757353E-03
   .1133046E-01   .3337431E-01   .7041118E-01   .1164516E+00   .1676411E+00
   .2078115E+00   .1777254E+00   .1071126E+00   .7111154E-01   .9163283E-01
   .1230824E+00   .9789245E-01   .8896030E-01   .1065574E+00   .1042838E+00
   .3357550E-01  -.6626604E-01  -.1110306E+00  -.1170178E+00  -.1006854E+00
  -.6913341E-01  -.6342620E-01  -.9510809E-01  -.1111605E+00  -.4717446E-01
   .5079494E-01   .1102808E+00   .1367390E+00   .1220791E+00   .8448254E-01
   .5289067E-01   .2102854E-01   .1403398E-02   .3276823E-02  -.1723500E-02
  -.2150767E-01  -.2973215E-01  -.3915611E-01  -.4519364E-01  -.8232026E-02
   .3755263E-01   .4363177E-01   .3156107E-02  -.2892391E-01  -.3357404E-01
   .1696907E-01   .4252221E-01  -.2090431E-01  -.5775063E-01  -.6217417E-01
  -.6753303E-01  -.7553567E-01  -.5708970E-01  -.3451372E-01  -.5314366E-01
  -.8281305E-01  -.1136024E+00  -.1270772E+00  -.1270644E+00  -.1096535E+00
  -.3798677E-01   .2595759E-01   .5406429E-01   .7639986E-01   .9079476E-01
   .1004314E+00   .1056096E+00   .1047923E+00   .1005121E+00   .7293621E-01
   .2188911E-01  -.1595306E-01  -.4453053E-01  -.8572233E-01  -.1034429E+00
  -.1019660E+00  -.1006481E+00  -.1010827E+00  -.6000007E-01   .1837882E-01
   .7586917E-01   .1032960E+00   .9888266E-01   .9294237E-01   .9117388E-01
   .8820282E-01   .7301426E-01   .4670771E-01   .2627128E-01   .1535455E-01
   .7273444E-02   .3581420E-02   .3385983E-02   .5005150E-02  -.7472058E-02
  -.2487074E-01  -.2451834E-01  -.3324697E-01  -.6864756E-01  -.1107312E+00
  -.1462592E+00  -.1575755E+00  -.1370014E+00  -.1235745E+00  -.1211115E+00
  -.1009240E+00  -.6900541E-01  -.2951127E-01   .1422099E-01   .3775932E-01
   .4100681E-01   .3972553E-01   .4290166E-01   .3651125E-01  -.4007337E-02
  -.3803054E-01  -.3865993E-01  -.2950343E-01   .2266496E-02   .2865492E-01
   .3707097E-01   .3703022E-01   .4406420E-01   .5726003E-01   .6875756E-01
   .6964001E-01   .4843742E-01   .3526836E-01   .3105186E-01   .3655803E-01
   .3635629E-01   .2962659E-01   .3471359E-01   .4344303E-01   .5012432E-01
   .3842932E-01   .3227419E-02  -.6714168E-02  -.1219426E-01  -.1149517E-01
   .4758937E-02   .8163100E-02   .1201710E-01   .9522635E-02   .6929677E-03
  -.6859642E-02  -.9166378E-02  -.2255438E-01  -.4230104E-01  -.5108982E-01
  -.5838532E-01  -.6784930E-01  -.7672679E-01  -.8103671E-01  -.6927343E-01
  -.3539553E-01  -.1798111E-02   .1458784E-01   .2360125E-01   .1778591E-01
   .3983979E-02   .2867807E-02  -.3413632E-02  -.2326208E-01  -.3918453E-01
  -.4214890E-01  -.2800172E-01  -.1270398E-01  -.1072639E-01  -.1408137E-01
  -.4632268E-02   .2767709E-01   .5336154E-01   .6952126E-01   .7798917E-01
   .7839093E-01   .6433216E-01   .3363108E-01   .2197749E-01   .2485482E-01
   .2722115E-01   .2868683E-01   .2287176E-01   .1027778E-01   .7316699E-02
   .7648178E-02   .1200746E-02  -.1072204E-01  -.4600689E-01  -.7057051E-01
  -.6597233E-01  -.5124350E-01  -.3215722E-01  -.1484471E-01  -.4845601E-02
  -.6419398E-02  -.1008215E-01  -.1394732E-02   .1093715E-01   .1597707E-01
   .1977666E-01   .2450038E-01   .2928838E-01   .1712704E-01  -.1134411E-01
  -.4485199E-01  -.7256220E-01  -.8159315E-01  -.8531703E-01  -.7374904E-01
  -.4217479E-01  -.4877309E-02   .1512709E-01   .1808119E-01   .1751628E-01
   .1769802E-01   .2293488E-01   .3099204E-01   .3542719E-01   .3159423E-01
   .2942998E-01   .2629164E-01   .2296257E-01   .2552603E-01   .3300896E-01
   .3577848E-01   .3295023E-01   .2874193E-01   .2143997E-01   .1651257E-01
   .2853554E-01   .4245773E-01   .4250692E-01   .4049469E-01   .4301228E-01
   .4701091E-01   .4809131E-01   .4917478E-01   .4661176E-01   .4299303E-01
   .3773516E-01   .2695400E-01   .1811797E-01   .1289477E-01   .4934930E-02
  -.7649598E-02  -.1591137E-01  -.1470244E-01  -.3956507E-02   .2079504E-01
   .4886362E-01   .6520731E-01   .7180591E-01   .7596365E-01   .7849654E-01
   .8008082E-01   .6723413E-01   .4132634E-01   .2482909E-01   .1786472E-02
  -.2135508E-01  -.3052774E-01  -.4138850E-01  -.5297447E-01  -.5641984E-01
  -.5439495E-01  -.6025262E-01  -.7197223E-01  -.8005147E-01  -.8043686E-01
  -.7775918E-01  -.7759989E-01  -.6818920E-01  -.4604689E-01  -.2618223E-01
  -.1257323E-01  -.4948590E-02  -.3034951E-01  -.6710303E-01  -.7735695E-01
  -.7704369E-01  -.6706491E-01  -.4682187E-01  -.3007234E-01  -.1570350E-01
  -.2697771E-03   .1273124E-01   .1968772E-01   .2003869E-01   .1360868E-01
   .5290647E-02  -.2557170E-02  -.1023976E-01  -.1318955E-01  -.1239594E-01
  -.1298853E-01  -.1925946E-01  -.2740108E-01  -.3255921E-01  -.2999595E-01
  -.2440838E-01  -.1585672E-01  -.5031474E-02   .4323940E-02   .1857534E-01
   .3859790E-01   .6069310E-01   .7411828E-01   .8017089E-01   .8137953E-01
   .7725863E-01   .5786018E-01   .2776294E-01  -.6359229E-02  -.3262027E-01
  -.4097827E-01  -.4658229E-01  -.4888152E-01  -.4448752E-01  -.3187130E-01
  -.2320759E-01  -.2019980E-01  -.1914225E-01  -.2286545E-01  -.2885103E-01
  -.3294349E-01  -.3027438E-01  -.2783989E-01  -.2839911E-01  -.2688671E-01
  -.1546809E-01  -.7691889E-02  -.1104186E-01  -.1149607E-01  -.1098509E-02
   .1659510E-01   .3159284E-01   .5577771E-01   .7718103E-01   .7865762E-01
   .7259231E-01   .7004396E-01   .6642868E-01   .5768787E-01   .4496193E-01
   .3315499E-01   .3214473E-01   .3338765E-01   .3239981E-01   .1985230E-01
   .5046506E-02  -.2642766E-02  -.1223129E-01  -.1672493E-01  -.1007609E-01
   .3894286E-02   .8314393E-02  -.1658732E-02  -.1446849E-01  -.2097874E-01
  -.2483292E-01  -.2497227E-01  -.2409878E-01  -.1985012E-01  -.1605640E-01
  -.8699827E-02   .6997275E-02   .1938650E-01   .2645948E-01   .2790102E-01
   .1794609E-01   .2174084E-02  -.6071353E-02  -.1022049E-01  -.1313645E-01
  -.1605651E-01  -.1571666E-01  -.1501166E-01  -.1692093E-01  -.2166685E-01
  -.2841197E-01  -.2802119E-01  -.2151858E-01  -.1644195E-01  -.1615423E-01
  -.1971090E-01  -.2268823E-01  -.2859705E-01  -.3393672E-01  -.3471395E-01
  -.3053807E-01  -.2895708E-01  -.3524236E-01  -.4134404E-01  -.4388798E-01
  -.4136151E-01  -.2982438E-01  -.8847159E-02   .2326826E-02   .1036022E-01
   .2778167E-01   .4272655E-01   .4759077E-01   .4402772E-01   .4077780E-01
   .4088366E-01   .3703905E-01   .2320456E-01   .1220870E-01   .1056826E-01
   .8641203E-02   .3224702E-02  -.3994153E-02  -.4927781E-02   .3511355E-02
   .1643032E-01   .2440430E-01   .2444370E-01   .1565293E-01   .2872940E-02
  -.4109389E-02  -.3492734E-02   .5234946E-02   .1372903E-01   .1401414E-01
   .6859361E-02   .2964484E-02   .4513332E-02   .3826325E-02  -.2116755E-02
  -.9298131E-02  -.1472614E-01  -.1836815E-01  -.2085859E-01  -.2078884E-01
  -.1931558E-01  -.1948863E-01  -.2278084E-01  -.2493476E-01  -.2445913E-01
  -.2375400E-01  -.2422598E-01  -.2357086E-01  -.1779028E-01  -.8822190E-02
  -.2784583E-02  -.4390870E-02  -.1073712E-01  -.1558397E-01  -.1496772E-01
  -.1369359E-01  -.1245516E-01  -.6859315E-02  -.1737783E-02  -.9553446E-03
  -.4090742E-02  -.6307132E-02  -.2854377E-02   .5296485E-02   .2116873E-01
   .3661460E-01   .4789478E-01   .5559373E-01   .5736135E-01   .5470013E-01
   .4964087E-01   .4198367E-01   .3160712E-01   .2109082E-01   .1895686E-01
   .2571526E-01   .3137816E-01   .3557428E-01   .3857496E-01   .3841667E-01
   .3337767E-01   .2719321E-01   .2331495E-01   .2037201E-01   .1569914E-01
   .4073931E-02  -.8265287E-02  -.2488036E-01  -.3930958E-01  -.4200372E-01
  -.3147561E-01  -.9391936E-02   .6301425E-02   .1609407E-01   .2180059E-01
   .2102703E-01   .1412734E-01   .2193939E-02  -.9145837E-02  -.1382197E-01
  -.1231283E-01  -.1035184E-01  -.4734173E-02   .4327006E-02   .1108196E-01
   .9771747E-02   .2029408E-02  -.2840623E-02  -.4052947E-02  -.2531683E-02
  -.5504119E-03   .9861273E-03  -.1887826E-02  -.8109432E-02  -.1329983E-01
  -.2129524E-01  -.3125314E-01  -.4212395E-01  -.4905145E-01  -.5183471E-01
  -.5153146E-01  -.4743383E-01  -.4045980E-01  -.3454862E-01  -.3260322E-01
  -.3362603E-01  -.3473248E-01  -.3207108E-01  -.2810918E-01  -.2435537E-01
  -.2210710E-01  -.1829517E-01  -.1354078E-01  -.9773757E-02  -.5472266E-02
   .1607694E-02   .9205803E-02   .1296156E-01   .9808850E-02   .4320887E-03
  -.8780464E-02  -.1311334E-01  -.1020322E-01  -.3706785E-02   .2940600E-02
   .7613256E-02   .1102824E-01   .1105784E-01   .1158926E-01   .1615376E-01
   .2362116E-01   .2915362E-01   .2835594E-01   .2372408E-01   .1723887E-01
   .1142787E-01   .7727237E-02   .6898917E-02   .8044287E-02   .1074005E-01
   .1551354E-01   .1959138E-01   .2285117E-01   .2472784E-01   .2370974E-01
   .1915631E-01   .1500169E-01   .1508210E-01   .1934654E-01   .2316931E-01
   .2724504E-01   .3117388E-01   .3270672E-01   .3436707E-01   .3397516E-01
   .3162688E-01   .2588813E-01   .2181603E-01   .2015624E-01   .2066903E-01
   .2007920E-01   .1875394E-01   .1901375E-01   .1797713E-01   .1756170E-01
   .1592123E-01   .1297312E-01   .8314454E-02   .7967264E-03  -.6123288E-02
  -.1213551E-01  -.1182068E-01  -.7753272E-02  -.5137332E-02  -.5870058E-02
  -.8424511E-02  -.1156751E-01  -.1560302E-01  -.1956610E-01  -.2132601E-01
  -.2056447E-01  -.1973663E-01  -.1993289E-01  -.2287396E-01  -.2839768E-01
  -.3294629E-01  -.3351996E-01  -.3284823E-01  -.3222239E-01  -.3306433E-01
  -.3329225E-01  -.3201872E-01  -.2614603E-01  -.1705931E-01  -.1125089E-01
  -.1186744E-01  -.1394362E-01  -.1321685E-01  -.1130177E-01  -.7384443E-02
  -.1900398E-02   .2500403E-02   .3346501E-02   .1369236E-02  -.3356931E-03
   .9734747E-03   .2427479E-02   .2381060E-02   .2334639E-02   .5068735E-02
   .5683267E-02   .5557278E-02   .5315005E-02   .1165110E-02  -.2654308E-02
  -.8861548E-02  -.1465467E-01  -.1614747E-01  -.1375408E-01  -.1003163E-01
  -.1285248E-01  -.1805605E-01  -.2208458E-01  -.2281138E-01  -.1801385E-01
  -.1360291E-01  -.5496511E-02   .3315730E-02   .7533888E-02   .7939287E-02
   .5909943E-02   .2241460E-02  -.3885224E-02  -.7799529E-02  -.4507535E-02
  -.2472181E-02  -.6859767E-02  -.1347299E-01  -.2001584E-01  -.2362108E-01
  -.2656129E-01  -.2554696E-01  -.2152158E-01  -.1573467E-01  -.1271400E-01
  -.1037773E-01  -.4576542E-02   .6667156E-03   .5363255E-02   .7745413E-02
   .9222833E-02   .1086754E-01   .1423399E-01   .1740666E-01   .1764479E-01
   .1770442E-01   .1619937E-01   .1493912E-01   .1475496E-01   .1653942E-01
   .1796483E-01   .1720337E-01   .1729158E-01   .1699116E-01   .1729050E-01
   .2029999E-01   .2341352E-01   .2573349E-01   .2686925E-01   .2569675E-01
   .2507506E-01   .2229912E-01   .2068803E-01   .2027340E-01   .1739037E-01
   .1395961E-01   .9505795E-02   .9778660E-02   .1386939E-01   .1716962E-01
   .1920098E-01   .1907300E-01   .1783424E-01   .1496451E-01   .1447547E-01
   .1473511E-01   .1450515E-01   .1443228E-01   .1466541E-01   .1616538E-01
   .1962173E-01   .2269965E-01   .2503502E-01   .2369738E-01   .1811655E-01
   .7629512E-02  -.6995655E-02  -.1494287E-01  -.1736781E-01  -.1640635E-01
  -.1205133E-01  -.3838669E-02   .3974158E-02   .5677190E-02  -.5461907E-03
  -.6875646E-02  -.9321954E-02  -.9543638E-02  -.7641673E-02  -.4773763E-02
  -.9184861E-03   .7070777E-03  -.2989520E-03  -.4119155E-02  -.8404470E-02
  -.1118732E-01  -.1327146E-01  -.1428153E-01  -.1108104E-01  -.5604922E-02
  -.1133496E-02  -.1320401E-02  -.4871258E-02  -.7406188E-02  -.7113670E-02
  -.4140584E-02  -.8339507E-03  -.8984091E-03  -.2474500E-02  -.4533042E-02
  -.3018516E-02  -.1172169E-04  -.5153699E-02  -.9608188E-02  -.9874549E-02
  -.1166070E-01  -.1286851E-01  -.1128660E-01  -.9746505E-02  -.8918362E-02
  -.1039540E-01  -.1241713E-01  -.1404308E-01  -.1503050E-01  -.1145239E-01
  -.6413632E-02  -.6156625E-02  -.1099552E-01  -.1297536E-01  -.1539378E-01
  -.1604658E-01  -.1505104E-01  -.1519892E-01  -.1659118E-01  -.1869846E-01
  -.1671349E-01  -.1402674E-01  -.1047299E-01  -.8246243E-02  -.6189828E-02
  -.2266802E-02   .3771530E-03   .2517239E-02   .3254836E-02   .1920823E-02
  -.2587593E-03  -.8634508E-03   .2603708E-02   .7263257E-02   .9181059E-02
   .6778150E-02   .1426433E-02   .8503666E-03   .5047912E-02   .7899067E-02
   .7128214E-02   .5779032E-02   .5086741E-02   .5697002E-02   .7299734E-02
   .8704596E-02   .8217373E-02   .6858060E-02   .3518937E-02   .3909667E-03
   .1168588E-02  -.8771387E-03  -.4760893E-02  -.8536518E-02  -.7254968E-02
  -.4142508E-02  -.3274036E-02  -.3085892E-02  -.2575415E-02  -.1636527E-02
   .7466939E-03   .4767026E-02   .7208412E-02   .8303408E-02   .5630538E-02
   .2159020E-02   .1723034E-02   .5131441E-02   .1133466E-01   .1792958E-01
   .2210098E-01   .2277379E-01   .2070486E-01   .1738848E-01   .1333568E-01
   .1095161E-01   .9975145E-02   .1197301E-01   .1637199E-01   .2033644E-01
   .2436415E-01   .2329290E-01   .1775813E-01   .1050264E-01   .4795523E-02
   .1900183E-03  -.3477074E-02  -.5450952E-02  -.4093498E-02  -.1601790E-02
  -.6686296E-03  -.5167760E-03  -.7627093E-03  -.1445189E-02   .1316884E-02
   .7122649E-02   .1034477E-01   .1213380E-01   .1185633E-01   .7827306E-02
   .1800119E-02  -.2736835E-02  -.4544257E-02  -.3649685E-02   .4783004E-03
   .6982898E-02   .9392211E-02   .9856396E-02   .9461755E-02   .9195647E-02
   .9498713E-02   .9553931E-02   .1136866E-01   .9647068E-02   .6155786E-02
   .2030079E-02  -.2781055E-02  -.6073396E-02  -.9424885E-02  -.1333226E-01
  -.1780062E-01  -.2193849E-01  -.2548270E-01  -.2962972E-01  -.3363597E-01
  -.4060327E-01  -.4789490E-01  -.5044863E-01  -.4585520E-01  -.3768054E-01
  -.3217725E-01  -.2726555E-01  -.2456825E-01  -.2141193E-01  -.1685413E-01
  -.1335916E-01  -.1192150E-01  -.1058176E-01  -.9227716E-02  -.9092564E-02
  -.1084746E-01  -.1550934E-01  -.2096680E-01  -.2448524E-01  -.2529760E-01
  -.2377721E-01  -.2168969E-01  -.1809256E-01  -.1492890E-01  -.9968004E-02
  -.5761887E-02  -.3596778E-02  -.2380256E-02  -.3876922E-02  -.3722195E-02
  -.1634554E-02   .9284193E-03   .2135825E-02   .4625383E-02   .4998455E-02
   .5481699E-02   .7484756E-02   .1063124E-01   .1488750E-01   .1853892E-01
   .2006671E-01   .1867323E-01   .1702781E-01   .1579349E-01   .1482742E-01
   .1263227E-01   .9564011E-02   .4260944E-02  -.1843830E-02  -.6328832E-02
  -.8109802E-02  -.6195300E-02  -.3061886E-02   .7600392E-03   .2192117E-02
   .1553607E-02   .2793948E-02   .1573041E-02  -.1194174E-02  -.3809397E-02
  -.6083929E-02  -.6738690E-02  -.5119859E-02  -.3714196E-02  -.1856662E-02
  -.1371307E-06   .2634660E-02   .5930427E-02   .9261907E-02   .1338390E-01
   .1598406E-01   .1729494E-01   .1704729E-01   .1748304E-01   .1731395E-01
   .1709080E-01   .1713695E-01   .1818169E-01   .2105938E-01   .2438178E-01
   .2532761E-01   .2356025E-01   .2100954E-01   .1753676E-01   .1459031E-01
   .1207124E-01   .1069663E-01   .1241672E-01   .1415618E-01   .1495726E-01
   .1493011E-01   .1452658E-01   .1235337E-01   .7949423E-02   .4102408E-02
   .4342542E-02   .2376424E-02   .1330357E-02  -.3193902E-02  -.8179192E-02
  -.9480233E-02  -.1159319E-01  -.9434369E-02  -.7246985E-02  -.6547773E-02
  -.6071930E-02  -.4354741E-02  -.4581664E-02  -.5659258E-02  -.7811924E-02
  -.9149602E-02  -.8387092E-02  -.8760856E-02  -.9533430E-02  -.8994278E-02
  -.5392058E-02  -.2559930E-02  -.8283767E-03  -.1061335E-02  -.1139247E-02
  -.2956252E-02  -.3992949E-02  -.3647540E-02  -.4230324E-02  -.5157862E-02
  -.5961973E-02  -.4419059E-02  -.2514038E-02  -.1041107E-03  -.9041177E-03
  -.1295098E-02  -.2255233E-02  -.2543183E-02  -.1621407E-02   .4703139E-03
   .1899040E-02   .4175392E-02   .7075990E-02   .6747271E-02   .6316559E-02
   .7412790E-02   .8424368E-02   .8892289E-02   .8768613E-02   .9135563E-02
   .9412756E-02   .7917194E-02   .6163576E-02   .3503182E-02   .1410931E-02
  -.1683976E-02  -.3442679E-02  -.3744820E-02  -.5629997E-02  -.8275071E-02
  -.1099052E-01  -.1317761E-01  -.1466600E-01  -.1403890E-01  -.1162374E-01
  -.9658396E-02  -.7052493E-02  -.4902526E-02  -.5232178E-02  -.6121808E-02
  -.6625877E-02  -.6726023E-02  -.6599729E-02  -.6845733E-02  -.5553576E-02
  -.4831597E-02  -.6640238E-02  -.5735679E-02  -.2796218E-02   .7409630E-03
   .1876044E-02   .1956445E-02   .1366707E-02  -.1155930E-02  -.2842169E-02
  -.2300728E-02   .2138132E-02   .4102472E-02   .5591491E-02   .7082551E-02
   .8182948E-02   .8468364E-02   .8974098E-02   .8766852E-02   .1056289E-01
   .1333505E-01   .1686304E-01   .1981064E-01   .1952689E-01   .1983371E-01
   .1755075E-01   .1576963E-01   .1271555E-01   .9355456E-02   .6430904E-02
   .2639349E-02  -.5820296E-03  -.1490051E-02  -.1464777E-02  -.1500706E-02
  -.1488699E-02  -.2477317E-02  -.3260918E-02  -.5091044E-02  -.6457075E-02
  -.7920008E-02  -.7506149E-02  -.3916014E-02   .1316315E-02   .4955400E-02
   .4528759E-02   .5225133E-02   .6217301E-02   .6400603E-02   .6040238E-02
   .6208229E-02   .6349692E-02   .6295308E-02   .6366379E-02   .5967223E-02
   .5709839E-02   .1481589E-02  -.3239328E-02  -.7201374E-02  -.9620167E-02
  -.1038861E-01  -.1136310E-01  -.1123498E-01  -.1048874E-01  -.9454871E-02
  -.9485892E-02  -.1115300E-01  -.1112386E-01  -.1180465E-01  -.1214374E-01
  -.1348960E-01  -.1647255E-01  -.1770724E-01  -.1868693E-01  -.1690141E-01
  -.1513223E-01  -.1315396E-01  -.1204269E-01  -.1282456E-01  -.1263437E-01
  -.1061228E-01  -.9436804E-02  -.8729515E-02  -.7298036E-02  -.7578129E-02
  -.8625275E-02  -.7139772E-02  -.3607140E-02  -.1728961E-02   .6561459E-03
   .3867441E-02   .6098502E-02   .7349331E-02   .4904687E-02   .8168105E-03
  -.7945197E-03  -.1557432E-03   .7257797E-03   .2188689E-02   .3371084E-02
   .3519186E-02   .3665233E-02   .2523006E-02   .1481744E-02   .9474081E-03
   .7608772E-03   .2308331E-02   .4753370E-02   .7821613E-02   .9205823E-02
   .7337235E-02   .4532272E-02   .3634694E-02   .3848899E-02   .3696908E-02
   .3387821E-02   .1720077E-02  -.5719233E-03  -.1486941E-02  -.1586994E-02
  -.1002645E-02   .1712466E-02   .3646240E-02   .5113858E-02   .5324817E-02
   .4320938E-02   .4812361E-02   .4934527E-02   .4619094E-02   .2661443E-02
   .7323328E-03  -.4001756E-03  -.1776483E-02  -.1089349E-02   .9941452E-03
   .4021120E-02   .7113356E-02   .7672912E-02   .5825249E-02   .4035706E-02
   .3415063E-02   .3579800E-02   .3784297E-02   .3533852E-02   .4374787E-02
   .4764862E-02   .5828117E-02   .6444590E-02   .8409483E-02   .1072014E-01
   .1138754E-01   .1131951E-01   .8073138E-02   .5530543E-02   .2982826E-02
   .9083668E-03   .4924058E-03  -.3121975E-03  -.1593163E-02  -.4103251E-02
  -.6550121E-02  -.8362576E-02  -.9422292E-02  -.8578712E-02  -.7176193E-02
  -.6000139E-02  -.5670708E-02  -.4988380E-02  -.2652657E-02   .3684836E-03
   .1771880E-02   .3354773E-02   .3295441E-02   .2025346E-02   .1587545E-02
   .2435942E-02   .3965673E-02   .3616539E-02   .4121121E-02   .3886179E-02
   .4823190E-02   .5032918E-02   .5424180E-02   .5306437E-02   .4038109E-02
   .4480295E-02   .7164416E-02   .9109012E-02   .8933001E-02   .6815904E-02
   .4173482E-02   .2535734E-02   .2459580E-02   .3571699E-02   .3475092E-02
   .3154060E-02   .1500880E-02   .1104315E-02   .7087422E-03   .1753383E-02
   .2053397E-02   .1054925E-02   .8183655E-03   .1619119E-02   .3453106E-02
   .3468406E-02   .4282338E-02   .4427123E-02   .3377461E-02   .4470791E-02
   .5820114E-02   .6234070E-02   .4448877E-02   .3616339E-02   .2434932E-02
   .2512178E-02   .3642035E-02   .3808985E-02   .5715006E-02   .5199520E-02
   .5700946E-02   .4074624E-02   .3777335E-02   .2922077E-02   .9641703E-03
  -.1077404E-02  -.4631666E-02  -.6547837E-02  -.9714556E-02  -.1200105E-01
  -.1476186E-01  -.1707391E-01  -.1816095E-01  -.2001405E-01  -.2015562E-01
  -.2002386E-01  -.1958714E-01  -.1731752E-01  -.1569053E-01  -.1421044E-01
  -.1308839E-01  -.1214182E-01  -.1168284E-01  -.1084546E-01  -.1141367E-01
  -.1246437E-01  -.1510324E-01  -.1639881E-01  -.1459665E-01  -.1385329E-01
  -.1075884E-01  -.8493700E-02  -.5459499E-02  -.3782947E-02  -.3817984E-02
  -.3906088E-02  -.2426481E-02  -.3604153E-04   .2351309E-02   .3835932E-02
   .5083887E-02   .6045193E-02   .8060132E-02   .9192744E-02   .1099241E-01
   .1207601E-01   .1173871E-01   .1342813E-01   .1294594E-01   .1142128E-01
   .8761346E-02   .6225815E-02   .4168638E-02   .2135914E-02   .9977022E-03
   .1494523E-02   .3276981E-03   .2624456E-03  -.1730937E-03  -.1115599E-02
  -.1238052E-02  -.1167751E-02  -.9465167E-03  -.1207768E-02  -.1269126E-02
  -.5848363E-03   .8757077E-03   .3287313E-02   .7030623E-02   .9965135E-02
   .1079833E-01   .9992637E-02   .8571940E-02   .5864224E-02   .4617993E-02
   .4022566E-02   .5383611E-02   .6459558E-02   .5335162E-02   .4487672E-02
   .3660246E-02   .2458592E-02   .1196697E-02   .2965343E-03   .6668498E-03
   .1698773E-02   .1956970E-02   .8636706E-03  -.7469745E-03  -.1293893E-02
  -.3361457E-03   .1245307E-02  -.2292400E-03  -.1161123E-02  -.2560215E-02
  -.4214796E-02  -.5233665E-02  -.5500270E-02  -.3779695E-02  -.1751366E-02
   .1500055E-02   .4030028E-02   .6640226E-02   .7668935E-02   .7634980E-02
   .6542390E-02   .4911708E-02   .4712271E-02   .4075055E-02   .2501526E-02
   .1955681E-02   .5854137E-03  -.8709054E-03  -.1948897E-02  -.1874197E-02
  -.7247587E-03   .4678562E-03   .2436242E-02   .3202858E-02   .3498363E-02
   .3797540E-02   .2368104E-02   .1055594E-03  -.1140987E-02  -.1852508E-02
  -.2959699E-02  -.3996815E-02  -.4962737E-02  -.5945251E-02  -.6015487E-02
  -.5771245E-02  -.5446403E-02  -.4524810E-02  -.4211814E-02  -.4336384E-02
  -.4141745E-02  -.4062942E-02  -.3080842E-02  -.2312053E-02  -.2048906E-02
  -.2531338E-02  -.3381520E-02  -.4051370E-02  -.4746875E-02  -.4993788E-02
  -.4831119E-02  -.4649809E-02  -.4447468E-02  -.4142781E-02  -.3845005E-02
  -.3714593E-02  -.3497435E-02  -.3275414E-02  -.2973956E-02  -.2198982E-02
  -.1437669E-02  -.1389750E-02  -.1346242E-02  -.1355571E-02  -.1559617E-02
  -.1976943E-02  -.2073530E-02  -.1476322E-02  -.1467385E-02  -.1750500E-02
  -.1879707E-02  -.1623037E-02  -.1145577E-02  -.3691521E-03   .4938767E-03
   .7836954E-03   .1129101E-02   .1394161E-02   .1635574E-02   .1964550E-02
   .2197413E-02   .2082181E-02   .1689205E-02   .1577359E-02   .1778525E-02
   .1879024E-02   .1769596E-02   .1702009E-02   .1288405E-02   .9971190E-03
   .9920082E-03   .1151501E-02   .1232582E-02   .1244336E-02   .1165650E-02
   .1028314E-02   .9853647E-03   .9780616E-03   .1010553E-02   .9842085E-03
   .9216616E-03   .8537455E-03   .8313678E-03   .7993439E-03   .7943373E-03
   .8748778E-03   .9254568E-03   .9152242E-03   .8581065E-03   .7930292E-03
   .7569035E-03   .7511230E-03   .7373301E-03   .7313392E-03   .7289568E-03
   .6686447E-03   .6002244E-03   .5106565E-03   .4290029E-03   .3467531E-03
   .2918879E-03   .2345186E-03   .2139407E-03   .2079509E-03   .1921295E-03
   .1826342E-03   .1640368E-03   .1497385E-03   .1338997E-03   .1360197E-03
   .1377535E-03   .1388544E-03   .1488487E-03   .1547073E-03   .1575832E-03
   .1601147E-03   .1568257E-03   .1556049E-03   .1580624E-03   .1654425E-03
   .1713179E-03   .1745731E-03   .1786636E-03   .1837450E-03   .1882398E-03
   .1898735E-03   .1902815E-03   .1912891E-03   .1927340E-03   .1939252E-03
   .1956530E-03   .1966960E-03   .1961398E-03   .1939989E-03   .1893325E-03
   .1831485E-03   .1758322E-03   .1677820E-03   .1591597E-03   .1499860E-03
   .1403486E-03   .1301576E-03   .1194905E-03   .1084031E-03   .9696553E-04
   .8522810E-04   .7324053E-04   .6105453E-04   .4871688E-04   .3627481E-04
