PEER NGA STRONG MOTION DATABASE RECORD
Northridge-01, 1/17/1994, Arleta - Nordhoff Fire Sta, 360
ACCELERATION TIME SERIES IN UNITS OF G
NPTS=   2000, DT=   .0200 SEC                                              
   .2128698E-02   .2559818E-02   .4596539E-02   .2111725E-02   .2246391E-02
   .1786518E-02   .2417147E-02   .1126214E-02   .1042061E-02   .4125127E-02
   .2939610E-02   .3829911E-02   .1892889E-02   .5796503E-02   .3802592E-02
   .3660096E-02  -.7652650E-03   .4643674E-03   .2141893E-02   .1118312E-03
   .4788814E-03  -.5345357E-02   .6971215E-02   .1323658E-02   .3678110E-02
  -.7857688E-02   .1115762E-02   .1019479E-02  -.3413735E-02  -.8502703E-02
  -.7338965E-02   .1851296E-01  -.1381173E-01  -.3223899E-02   .3994777E-03
   .8490559E-02  -.2691824E-04  -.6023871E-02   .1090684E-01  -.5769316E-02
  -.2644474E-03   .8341218E-03  -.5764095E-03   .3376319E-02  -.8911295E-02
   .4307308E-02   .4822930E-02   .1701328E-02   .5403622E-02   .1246913E-02
   .3075658E-02  -.4042941E-02   .1366739E-01  -.1511060E-02  -.3868019E-02
   .9676915E-02   .5368879E-02  -.6593143E-02  -.1569602E-01   .7950343E-02
  -.6417588E-02  -.3462769E-02  -.8147663E-02   .5918193E-02   .1846740E-01
  -.8014632E-02  -.1687505E-01  -.2197261E-01  -.8829419E-02  -.3522804E-02
  -.1112319E-01  -.2071247E-01  -.3243129E-02   .7896183E-02   .3453040E-02
  -.6758122E-02  -.8303282E-02  -.1040660E-02  -.1085887E-01  -.2061785E-01
  -.4334111E-02  -.5296448E-02  -.3925965E-02   .3291557E-03  -.4709885E-02
   .5409372E-02   .2014625E-01  -.1065674E-01  -.1361978E-01   .9858727E-02
   .1320658E-01   .6763541E-02   .1820989E-02   .2592551E-02  -.4230732E-02
  -.8520264E-02  -.2120330E-01  -.5036587E-02  -.7539881E-02  -.1623004E-02
   .3384105E-02   .8506544E-02   .2857852E-02  -.1766543E-01  -.1918808E-01
  -.4160144E-02   .1787526E-01  -.2785501E-01  -.1747093E-01  -.6562500E-02
   .6894973E-02   .8599054E-02   .2813076E-01   .4869171E-01   .1293649E-01
   .3611567E-02   .3067518E-03  -.4439200E-03  -.1132308E-02  -.2846610E-01
  -.6260457E-02   .2474275E-01  -.5812017E-02  -.1822296E-01  -.5031983E-01
  -.1823519E-01  -.1803976E-01   .2697495E-02   .1273910E-01  -.2228896E-01
  -.2789812E-01  -.3412637E-01  -.3133571E-01  -.5061372E-01  -.3640303E-01
  -.2934759E-01  -.1215226E-01  -.3218179E-01  -.4127379E-01  -.3117445E-01
  -.7373383E-02   .4164723E-01   .9468764E-02   .1792102E-01   .1008598E-01
  -.1419956E-01  -.2764246E-01  -.1303123E-01   .4677421E-01   .2802850E-01
   .2183290E-01   .3537098E-02   .1761861E-03   .2613625E-01   .3144136E-01
   .5203019E-01   .3693437E-01  -.1875943E-01  -.7569861E-01  -.7640615E-01
  -.1565968E-01   .5261342E-01   .6743449E-01   .8157935E-01   .3826357E-01
  -.5541261E-01  -.1046810E+00  -.1032881E+00  -.5373058E-01   .4550804E-01
   .1157369E+00   .8061101E-01   .1011973E-01  -.2948998E-01  -.8963523E-02
   .1691084E-01   .2210373E-01   .3436322E-01   .7210847E-01   .6006552E-01
   .4716684E-01   .3652342E-01   .1248130E-01   .1978384E-01   .2647441E-01
  -.3708237E-01  -.1293766E+00  -.1752159E+00  -.1805224E+00  -.2291552E-01
   .7422686E-01   .6005359E-01   .6590092E-01   .6469601E-01   .8666861E-01
   .1280202E+00   .4724624E-01  -.6852084E-01  -.4580249E-01  -.3993552E-01
  -.2782816E-01   .7210225E-01   .1591185E+00   .1376374E+00   .5608844E-01
   .4933414E-01   .1105689E+00   .7234060E-01  -.2552511E-01  -.3651968E-02
   .2113738E-01  -.2470720E-01  -.8142905E-01  -.6367251E-01  -.6562641E-01
  -.8655739E-01  -.1113868E+00  -.5762103E-01   .1100236E+00   .1832694E+00
   .1631036E+00   .1324593E+00   .1556415E+00   .1632463E+00   .9899311E-01
  -.4566750E-02  -.2008018E-01   .1214036E-01  -.4281835E-02  -.1879910E-02
   .3397397E-01  -.7834940E-02  -.6935430E-01  -.1218241E+00  -.1382911E+00
  -.1122291E+00  -.1709474E+00  -.2284203E+00  -.2088291E+00  -.9336199E-01
  -.5657196E-02   .3987063E-01   .7708956E-01   .4895304E-01  -.4215520E-01
  -.1187856E+00  -.1283326E+00  -.1168542E+00  -.9152935E-01  -.8115155E-01
  -.1380776E-01   .6836991E-01   .1465267E+00   .2248581E+00   .2696721E+00
   .3077931E+00   .2287017E+00   .1365972E+00   .1189833E+00   .1121722E+00
   .8692373E-01   .3273576E-01  -.5613525E-01  -.1168695E+00  -.3906944E-01
   .3881329E-01   .4407611E-01   .4248354E-01   .4967318E-01   .1230107E-01
  -.5389417E-01  -.1349365E+00  -.1522747E+00  -.7335963E-01  -.3568821E-01
  -.3147175E-01  -.3420147E-01  -.4520236E-01  -.8798846E-01  -.1097952E+00
  -.1471804E+00  -.1781518E+00  -.1946259E+00  -.1722931E+00  -.4989014E-01
   .4279107E-01   .9513945E-01   .1710080E+00   .2170977E+00   .2079739E+00
   .1709407E+00   .1245490E+00   .6582870E-01   .2025106E-01  -.2259261E-02
  -.6755449E-01  -.1466666E+00  -.1985335E+00  -.1646205E+00  -.9367836E-01
  -.7479904E-01  -.1076562E+00  -.1312058E+00  -.7033916E-01  -.4861298E-01
  -.9072453E-01  -.1424842E+00  -.1678555E+00  -.2095518E+00  -.2065539E+00
  -.2504363E-01   .8851322E-01   .9946317E-01   .1090974E+00   .9874461E-01
   .7863049E-01   .7066763E-01   .7530484E-01   .5395350E-01  -.2226769E-02
  -.7228616E-01  -.7515713E-01  -.1797968E-01  -.5006547E-01  -.5958171E-01
  -.1970037E-01  -.4556516E-01   .2821759E-03   .8376548E-01   .1476760E+00
   .1636414E+00   .1366955E+00   .1003145E+00   .3886302E-01   .1727617E-01
   .1360518E-02  -.1291395E-01  -.1473931E-01  -.8739968E-03  -.1183038E-01
   .1210775E-02  -.5078081E-02  -.5825272E-02   .3173058E-01  -.2671499E-02
  -.2090454E-01  -.2233613E-01  -.2123812E-01  -.6266185E-01  -.1103219E+00
  -.1716978E+00  -.1548377E+00  -.6679287E-01  -.4326529E-02   .7473419E-01
   .1031376E+00   .1171816E+00   .1136222E+00   .1002567E+00   .8359554E-01
   .4218306E-01   .2124096E-01   .2646493E-01   .9145581E-01   .1713418E+00
   .2013823E+00   .2135066E+00   .1593859E+00   .8989083E-01   .5123135E-01
  -.3336790E-01  -.1055354E+00  -.1326036E+00  -.1417534E+00  -.1261867E+00
  -.1333567E+00  -.9914431E-01   .5806376E-01   .1712109E+00   .1453718E+00
   .7692222E-01   .4821898E-01   .4527991E-01   .1871329E-02  -.8512491E-01
  -.5921328E-01   .2120511E-01   .4416079E-01   .1077676E-01  -.3383950E-01
  -.5544125E-02   .4061961E-01   .8484228E-01   .3687123E-01  -.4712825E-01
  -.2747942E-01   .3601002E-01   .3015886E-01  -.2993285E-01  -.5142062E-01
  -.6293688E-01  -.4257507E-01  -.8012831E-02  -.4933859E-01  -.8743809E-01
  -.6671891E-02   .4070154E-01  -.4305520E-01  -.1030877E+00  -.1128221E+00
  -.1223229E+00  -.8498010E-01   .3299874E-01   .9108830E-01   .5523684E-01
   .3953143E-01  -.9202203E-03  -.7808167E-01  -.1041798E+00  -.9142221E-01
  -.5141831E-01  -.4328467E-02   .3417092E-01   .8504598E-01   .1150570E+00
   .9615378E-01   .6701289E-01   .2740067E-01  -.3405994E-01  -.4113927E-01
  -.2282876E-01  -.4630256E-01  -.9432162E-01  -.1331414E+00  -.1435010E+00
  -.1111196E+00  -.6164810E-01  -.4621708E-01  -.3794748E-01  -.2607117E-01
  -.2688264E-01  -.1602735E-01   .2132039E-01   .6164551E-01   .1823780E-01
  -.3374402E-01  -.3006037E-01  -.9303976E-02   .4101279E-02  -.4146681E-01
  -.7425328E-01  -.7445586E-01  -.4475303E-02   .5762370E-01   .1836736E-01
  -.5321586E-01  -.6525353E-01  -.2072709E-01   .1890537E-01   .3411903E-01
   .4853506E-01   .8131107E-01   .4531255E-01  -.4166455E-01  -.6010071E-01
  -.1052226E-01   .3674384E-01   .8217190E-01   .1112330E+00   .1385092E+00
   .1722041E+00   .1820148E+00   .1456174E+00   .8399949E-01   .2499072E-01
  -.3324896E-01  -.4990122E-01  -.6540496E-01  -.9638007E-01  -.1079283E+00
  -.4589264E-01   .4635435E-01   .8624576E-01   .9062995E-01   .1000488E+00
   .1182959E+00   .9784199E-01   .3140855E-01  -.5798100E-01  -.1285923E+00
  -.1366910E+00  -.8160774E-01  -.3856868E-01  -.2898358E-01  -.8456949E-02
   .4998817E-01   .8628808E-01   .3951916E-01  -.3202147E-01  -.9071012E-01
  -.1147167E+00  -.1053632E+00  -.8524973E-01  -.4325013E-01   .5828275E-02
   .3457399E-01   .4726286E-01   .5423156E-01   .2677934E-01  -.2079953E-01
  -.5970739E-01  -.7389249E-01  -.4638816E-01  -.4141786E-02   .1838186E-01
   .1106133E-01   .4963773E-02   .1056662E-01   .2516791E-01   .4623700E-01
   .5981828E-01   .5701324E-01   .6725908E-01   .1014107E+00   .1099980E+00
   .8050771E-01   .3753298E-01   .2585594E-01   .4123031E-01   .5582030E-01
   .8196485E-01   .9638140E-01   .6624334E-01   .2941022E-03  -.5416383E-01
  -.7053700E-01  -.3911912E-01   .2519377E-01   .5609246E-01   .3121449E-01
  -.1316486E-01  -.5653851E-01  -.8503955E-01  -.8669419E-01  -.6369645E-01
  -.6430809E-02   .4943232E-01   .7236577E-01   .3941036E-01   .8082129E-03
   .6762718E-02   .2859454E-01   .5131783E-01   .5487531E-01   .4848269E-01
   .3992052E-01   .3530574E-01   .1919861E-01   .2800776E-02  -.2442346E-02
  -.2984293E-01  -.6140309E-01  -.7230621E-01  -.6694443E-01  -.3044919E-01
   .2077688E-01   .4175688E-01   .5870861E-02  -.3991427E-01  -.4366623E-01
  -.3455089E-01  -.4326211E-01  -.7260283E-01  -.8594078E-01  -.4972000E-01
   .2655539E-02   .3284913E-01   .4056599E-01   .4290744E-01   .4437474E-01
   .2013090E-01  -.2578795E-01  -.7369376E-01  -.1035619E+00  -.1092143E+00
  -.1060191E+00  -.1077394E+00  -.9419938E-01  -.6111317E-01  -.3442134E-01
  -.1812230E-01  -.1037087E-01  -.1348653E-01  -.3792018E-01  -.6040666E-01
  -.4713197E-01  -.1648157E-01  -.1552441E-02   .5752100E-04  -.7671644E-02
  -.1473374E-01  -.1290450E-01  -.2051945E-01  -.1844237E-01   .3009613E-02
   .8262963E-02  -.2298795E-02  -.2112820E-02   .5129507E-02   .1441507E-02
  -.6563140E-02  -.7525715E-02  -.2058970E-03   .8817314E-02   .5186397E-02
  -.8414006E-02  -.7230537E-02   .6357143E-02   .9340899E-02   .6279105E-02
   .7358505E-02   .2515060E-01   .4812530E-01   .6748410E-01   .8135631E-01
   .8005907E-01   .7404332E-01   .7277463E-01   .6825518E-01   .4681700E-01
   .3472609E-01   .3816977E-01   .3609117E-01   .3095460E-01   .2369846E-01
   .1372605E-01   .5118401E-02   .1325200E-01   .4165708E-01   .6661046E-01
   .8264496E-01   .8506654E-01   .7749414E-01   .5413826E-01   .2992150E-01
   .2516938E-01   .3116806E-01   .2705037E-01  -.2904942E-02  -.2469210E-01
  -.3371397E-01  -.4271136E-01  -.4183618E-01  -.2380869E-01  -.7830385E-02
  -.3277105E-02  -.1321906E-01  -.3306010E-01  -.4333866E-01  -.5119473E-01
  -.5816340E-01  -.6288299E-01  -.5146004E-01  -.3185671E-01  -.3040735E-01
  -.3621121E-01  -.3727412E-01  -.3471809E-01  -.3078606E-01  -.2514658E-01
  -.2117108E-02   .2636935E-01   .3473325E-01   .2536851E-01   .1255107E-01
  -.7868432E-02  -.2537279E-01  -.2463546E-01  -.2047910E-01  -.2983469E-01
  -.5098047E-01  -.6097765E-01  -.5670095E-01  -.4730488E-01  -.3731110E-01
  -.2064040E-01  -.4910152E-02   .1353941E-01   .3794169E-01   .5357502E-01
   .5794143E-01   .5914787E-01   .4927507E-01   .3774068E-01   .3886449E-01
   .5368587E-01   .7052888E-01   .8005848E-01   .6939619E-01   .3464963E-01
   .1437074E-01   .5659668E-02  -.4572228E-02  -.1489490E-01  -.3532273E-01
  -.5683483E-01  -.6558366E-01  -.5590314E-01  -.2882143E-01  -.1271084E-01
  -.1047226E-01  -.1593484E-02   .1722009E-01   .3020130E-01   .2971442E-01
   .2843806E-01   .2159352E-01   .1221222E-01   .9034568E-02   .7558268E-02
   .1498860E-01   .2182121E-01   .2276332E-01   .1257824E-01  -.6046323E-02
  -.1741563E-01  -.2234262E-01  -.2515414E-01  -.2808296E-01  -.2653705E-01
  -.2623859E-01  -.3441125E-01  -.4312349E-01  -.4682141E-01  -.5136492E-01
  -.5722933E-01  -.5946866E-01  -.6184468E-01  -.5848219E-01  -.3984622E-01
  -.1506067E-01  -.1441062E-02   .1321658E-02  -.2275324E-02  -.7682316E-03
   .8394978E-02   .1222052E-01   .4242624E-02  -.8988278E-02  -.1588804E-01
  -.2290409E-01  -.2796787E-01  -.2425659E-01  -.9179445E-02   .6735112E-02
   .2291078E-01   .3756869E-01   .4202251E-01   .3718414E-01   .2437650E-01
   .1996448E-01   .2309841E-01   .3341007E-01   .4612282E-01   .4718104E-01
   .4061578E-01   .3152806E-01   .2668659E-01   .2380251E-01   .2184661E-01
   .2186135E-01   .2122431E-01   .2321071E-01   .2532359E-01   .1848596E-01
   .6478971E-02  -.3441102E-02  -.5707098E-02   .2030043E-02   .1210298E-01
   .2054086E-01   .2352887E-01   .1534686E-01   .2247431E-02  -.8983364E-02
  -.2046814E-01  -.3042802E-01  -.3785422E-01  -.3594233E-01  -.2412419E-01
  -.1985916E-01  -.2424781E-01  -.2630372E-01  -.1839015E-01  -.8053074E-02
  -.3058753E-02  -.2824775E-02   .2256242E-02   .1190074E-01   .1435219E-01
   .7770520E-02   .4688469E-02   .1020502E-01   .1314402E-01   .1436534E-01
   .1802243E-01   .2395921E-01   .2823644E-01   .3005038E-01   .2047602E-01
   .1017744E-01   .3547818E-02  -.1096892E-02  -.8196743E-02  -.1463360E-01
  -.9188471E-02  -.6026106E-02  -.3586923E-02  -.3504961E-02  -.1906261E-02
   .2097597E-02   .5226295E-02   .3910851E-02  -.2012953E-02  -.6080358E-02
  -.8253625E-02  -.2615733E-02   .3624978E-02   .7195328E-02   .9733439E-02
   .8104846E-02  -.4326567E-02  -.2038714E-01  -.3365495E-01  -.4447578E-01
  -.5042102E-01  -.5127748E-01  -.4222464E-01  -.3400718E-01  -.2708307E-01
  -.1851167E-01  -.1031869E-01  -.1545334E-02   .7581966E-02   .1547608E-01
   .2095076E-01   .2295030E-01   .2444188E-01   .2582024E-01   .2144682E-01
   .1205703E-01   .6310689E-02   .6683851E-03  -.8076758E-02  -.1278576E-01
  -.5178855E-03   .2287513E-01   .3576113E-01   .4298510E-01   .5281211E-01
   .6015340E-01   .6033835E-01   .6160247E-01   .6821751E-01   .7362588E-01
   .7804690E-01   .6846637E-01   .4473029E-01   .2436837E-01   .1149325E-01
   .1048073E-01   .1762107E-01   .2507658E-01   .2648861E-01   .1432851E-01
  -.2083969E-02  -.1150945E-01  -.1799223E-01  -.2345908E-01  -.2973786E-01
  -.3622982E-01  -.3969033E-01  -.4256332E-01  -.4496711E-01  -.4650084E-01
  -.4294886E-01  -.3790155E-01  -.3924760E-01  -.3945533E-01  -.3458651E-01
  -.2150976E-01  -.8393231E-02   .1802246E-03   .6067000E-02   .7889078E-02
   .8598337E-02   .3162096E-02  -.8157504E-02  -.1701482E-01  -.1900550E-01
  -.1592065E-01  -.1125175E-01  -.3067919E-02  -.9602312E-03  -.1002868E-01
  -.2215815E-01  -.2583182E-01  -.1909128E-01  -.8637946E-02   .1170909E-03
   .1535270E-02  -.5402390E-02  -.1301834E-01  -.1480501E-01  -.1799110E-01
  -.2324065E-01  -.2807098E-01  -.2876929E-01  -.2742964E-01  -.2828502E-01
  -.2799495E-01  -.2662265E-01  -.2016463E-01  -.1481331E-01  -.1082471E-01
  -.8580300E-02  -.9129671E-02  -.6935241E-02   .2446110E-02   .8674643E-02
   .3721940E-02  -.3770562E-02  -.3502902E-02   .5303179E-02   .9939505E-02
   .8777132E-02   .2796281E-02  -.5230688E-02  -.9869215E-02  -.1197712E-01
  -.9798982E-02  -.1909860E-02   .4911322E-02   .8070707E-02   .9169507E-04
  -.1363604E-01  -.2358364E-01  -.3208182E-01  -.3772095E-01  -.4273379E-01
  -.4235899E-01  -.3649352E-01  -.2799849E-01  -.2154959E-01  -.1639709E-01
  -.8057093E-02   .1199884E-02   .5599625E-02   .6612970E-02   .8738117E-02
   .1386002E-01   .2330062E-01   .3103475E-01   .3300079E-01   .2848473E-01
   .2709192E-01   .2665892E-01   .2481017E-01   .1363658E-01   .1197181E-02
  -.2201009E-03   .7515080E-02   .1392223E-01   .1165019E-01   .6712903E-02
   .3583057E-02   .3561153E-02   .3572914E-02   .3756036E-02   .2414262E-02
   .8480921E-03   .1292344E-02   .4162160E-02   .4376920E-02  -.3080759E-02
  -.1011513E-01  -.1074493E-01  -.6838772E-02  -.4050536E-02   .1174482E-02
   .1190852E-01   .1772515E-01   .1934856E-01   .2107702E-01   .2362049E-01
   .2321002E-01   .2197235E-01   .2306231E-01   .2284158E-01   .2337464E-01
   .2184219E-01   .1505573E-01   .8656876E-02   .5056902E-02   .6309073E-02
   .7785647E-02   .7623084E-02   .7798145E-02   .8354692E-02   .1186515E-01
   .1653639E-01   .2164725E-01   .2725179E-01   .2942811E-01   .2900548E-01
   .2851858E-01   .2516755E-01   .2028344E-01   .1241584E-01   .6739207E-02
   .8634038E-02   .1307479E-01   .1544087E-01   .1340156E-01   .9327373E-02
   .3298860E-02  -.2074806E-02  -.4598591E-02  -.2346731E-02  -.2448069E-03
  -.7010391E-03  -.3778667E-02  -.8223092E-02  -.1044697E-01  -.1328999E-01
  -.1447652E-01  -.1753577E-01  -.2044712E-01  -.2083497E-01  -.2171447E-01
  -.2287243E-01  -.2568584E-01  -.2713142E-01  -.2413082E-01  -.1474603E-01
  -.4240270E-02  -.2206791E-03  -.2468984E-02  -.6668545E-02  -.8320142E-02
  -.5580634E-02  -.2898260E-04   .4127313E-02   .5118552E-02   .4164656E-02
  -.1139536E-02  -.1089399E-01  -.1893075E-01  -.2061393E-01  -.1884338E-01
  -.1623848E-01  -.1187203E-01  -.2505526E-02   .6898713E-02   .1167012E-01
   .1142109E-01   .7558201E-02   .4061498E-02   .3159679E-02   .6221584E-02
   .1079105E-01   .1541969E-01   .1772783E-01   .1852127E-01   .1729512E-01
   .1218787E-01   .2872100E-02  -.8705001E-02  -.1514231E-01  -.1588599E-01
  -.1354212E-01  -.8944044E-02  -.3981823E-02  -.2017794E-03   .3416089E-02
   .6919722E-02   .7597958E-02   .7661139E-02   .2803844E-02  -.4644247E-02
  -.1055009E-01  -.1404160E-01  -.1337251E-01  -.1183642E-01  -.6705858E-02
   .9139678E-04   .5742175E-02   .1029952E-01   .1059939E-01   .1231603E-01
   .1889095E-01   .2697343E-01   .2995592E-01   .2896754E-01   .2861770E-01
   .3025787E-01   .3308635E-01   .3330058E-01   .3118818E-01   .2720614E-01
   .2546911E-01   .2151972E-01   .1912276E-01   .1869033E-01   .1600065E-01
   .1508169E-01   .1526127E-01   .1700044E-01   .1393948E-01   .6464998E-02
   .1036637E-02  -.4440680E-02  -.1064016E-01  -.1658972E-01  -.2187221E-01
  -.2602249E-01  -.2939450E-01  -.3070000E-01  -.2884654E-01  -.2632294E-01
  -.2637281E-01  -.2623294E-01  -.2350534E-01  -.1916306E-01  -.1472491E-01
  -.1065599E-01  -.9728667E-02  -.1052208E-01  -.1159599E-01  -.1175189E-01
  -.9027311E-02  -.4392266E-02  -.2223384E-03   .1136474E-02  -.1946810E-02
  -.6228591E-02  -.1115296E-01  -.1608244E-01  -.1986644E-01  -.2232854E-01
  -.2352989E-01  -.2288301E-01  -.2433937E-01  -.2730123E-01  -.2464800E-01
  -.2259349E-01  -.2106531E-01  -.2071931E-01  -.1803444E-01  -.1533426E-01
  -.1589808E-01  -.1674445E-01  -.1631988E-01  -.1547914E-01  -.1774228E-01
  -.1877630E-01  -.1877297E-01  -.1863501E-01  -.1851744E-01  -.1924545E-01
  -.1876986E-01  -.1878896E-01  -.1616524E-01  -.1254701E-01  -.8519761E-02
  -.5849107E-02  -.5204170E-02  -.7414209E-02  -.8296205E-02  -.2420697E-02
   .5924234E-02   .1323489E-01   .1810877E-01   .1990633E-01   .1669977E-01
   .8614564E-02  -.1937004E-02  -.5665788E-02  -.4953488E-02  -.6059063E-03
   .5046258E-02   .7481348E-02   .8786282E-02   .7577937E-02   .3524816E-02
  -.2139901E-02  -.5738094E-02  -.4129185E-02   .1252708E-02   .3318582E-02
   .5032562E-02   .9777985E-02   .1758953E-01   .2676175E-01   .3232115E-01
   .3421364E-01   .3470671E-01   .3419098E-01   .3576525E-01   .3940501E-01
   .4277856E-01   .3540438E-01   .2369723E-01   .1874147E-01   .1535753E-01
   .1549056E-01   .1726783E-01   .2135845E-01   .2254923E-01   .1477319E-01
   .4263073E-03  -.1050663E-01  -.1602540E-01  -.2051500E-01  -.1998721E-01
  -.1333330E-01  -.5570637E-02  -.3311900E-02  -.2951378E-02  -.2158374E-02
  -.4921087E-02  -.9027139E-02  -.9276566E-02  -.5622451E-02  -.2290654E-02
   .9483248E-03   .7458264E-03   .4596908E-03  -.3191422E-02  -.9819913E-02
  -.1139532E-01  -.1047479E-01  -.8249672E-02  -.6414192E-02  -.1121930E-02
   .6715232E-02   .1034081E-01   .9249926E-02   .1260318E-01   .1760373E-01
   .1810098E-01   .1686220E-01   .1130678E-01   .2549579E-02  -.2265318E-02
  -.1414113E-02   .1959553E-02   .5152683E-02   .7069794E-02   .5731067E-02
   .1016141E-02  -.4064961E-02  -.5632163E-02  -.5062462E-02  -.2645540E-02
   .3832003E-02   .6319309E-02   .2985477E-02  -.1919154E-02  -.6483102E-02
  -.7779990E-02  -.9459377E-02  -.1076952E-01  -.9382783E-02  -.4302623E-02
  -.5188826E-03  -.2765805E-03  -.2896397E-02  -.4789972E-02  -.5558485E-02
  -.9188098E-02  -.1138257E-01  -.1288140E-01  -.1233003E-01  -.1165523E-01
  -.1007366E-01  -.8250343E-02  -.5374386E-02  -.3493948E-02  -.3554569E-02
  -.4952409E-02  -.4620327E-02   .4731151E-03   .4435378E-02   .5481463E-02
   .6878428E-02   .6501614E-02   .3691082E-02   .4480703E-03  -.2582781E-02
  -.1583611E-02  -.1116880E-02  -.2466768E-02  -.2953737E-02  -.3131643E-02
   .7889000E-04   .5772104E-02   .9677260E-02   .9381035E-02   .5664750E-02
   .8458471E-03  -.4985916E-02  -.9035738E-02  -.1095784E-01  -.1071448E-01
  -.8137363E-02  -.3427424E-02   .2445315E-02   .5948595E-02   .5857394E-02
   .4468755E-02   .2148856E-02   .1969936E-02   .7149076E-02   .1173967E-01
   .1459322E-01   .1295366E-01   .5593941E-02  -.4650338E-02  -.1434484E-01
  -.2195649E-01  -.2663158E-01  -.2697063E-01  -.2357139E-01  -.1629717E-01
  -.8699614E-02  -.2927854E-02   .2982625E-02   .7383504E-02   .8816183E-02
   .1269890E-01   .1476908E-01   .1524601E-01   .1410115E-01   .1353871E-01
   .1655340E-01   .2018112E-01   .2501447E-01   .2881661E-01   .2995246E-01
   .2625453E-01   .2079303E-01   .1743578E-01   .1562893E-01   .1387104E-01
   .1050869E-01   .7323816E-02   .4625482E-02   .3972248E-02   .5132573E-02
   .7232316E-02   .7113559E-02   .5195521E-02   .3206081E-02  -.8733393E-03
  -.4721221E-02  -.7945884E-02  -.1069115E-01  -.1475323E-01  -.1602256E-01
  -.1361173E-01  -.1199445E-01  -.1027621E-01  -.1024810E-01  -.1207436E-01
  -.1240631E-01  -.1037187E-01  -.7299069E-02  -.4352749E-02  -.4243051E-02
  -.5003415E-02  -.4905961E-02  -.5592887E-02  -.5016037E-02  -.4495287E-02
  -.4101020E-02  -.7098254E-02  -.7487351E-02  -.4734849E-02  -.4544590E-02
  -.3029353E-02  -.4267970E-03   .3131496E-02   .4570228E-02   .5357177E-02
   .5083324E-02   .4947169E-02   .4060291E-02   .2342112E-02   .2533369E-02
   .1554685E-02  -.1964822E-02  -.6723631E-02  -.8725382E-02  -.8914596E-02
  -.8912053E-02  -.8961531E-02  -.9445534E-02  -.1053236E-01  -.1113876E-01
  -.1220825E-01  -.1366534E-01  -.1317016E-01  -.1138162E-01  -.9373779E-02
  -.5739042E-02  -.3497629E-02  -.3484918E-02  -.4308610E-02  -.5130265E-02
  -.2424763E-02  -.9810038E-03  -.3195882E-03  -.9056352E-03  -.2705486E-02
  -.4627739E-02  -.5912496E-02  -.4529955E-02  -.3292258E-02  -.1866884E-02
  -.8923540E-03   .9450931E-03   .2731537E-02   .3644857E-02   .6581854E-02
   .1011758E-01   .1156232E-01   .1295911E-01   .1350317E-01   .1365554E-01
   .1771248E-01   .1843095E-01   .1480117E-01   .1092861E-01   .1008647E-01
   .1282249E-01   .1324514E-01   .1411761E-01   .1513491E-01   .1525257E-01
   .1521519E-01   .1356621E-01   .1295864E-01   .1172376E-01   .9992145E-02
   .8591003E-02   .8872857E-02   .1219227E-01   .1560551E-01   .1729598E-01
   .1538991E-01   .1186001E-01   .8676892E-02   .4504376E-02  -.1506184E-02
  -.6369249E-02  -.9302478E-02  -.9367470E-02  -.1058099E-01  -.1197607E-01
  -.1118835E-01  -.1032822E-01  -.1212623E-01  -.1534407E-01  -.1704517E-01
  -.1640334E-01  -.1465787E-01  -.1289405E-01  -.1083953E-01  -.8795224E-02
  -.6172577E-02  -.3508114E-02  -.3792477E-02  -.6157645E-02  -.9982437E-02
  -.1305141E-01  -.1224847E-01  -.1143840E-01  -.1203083E-01  -.1472039E-01
  -.1630427E-01  -.1846956E-01  -.1640287E-01  -.1209117E-01  -.9123835E-02
  -.6091223E-02  -.5000696E-02  -.5282074E-02  -.5551218E-02  -.3803826E-02
  -.9507605E-03   .2001240E-02   .3736376E-02   .6395626E-02   .8187872E-02
   .7033330E-02   .2948324E-02  -.7674477E-03  -.2102544E-02  -.4449671E-03
   .2995565E-02   .5557870E-02   .5325372E-02   .3598568E-02   .2968773E-03
   .8538414E-03   .5468599E-03   .6346127E-03   .2083040E-02   .3411101E-02
   .5629617E-02   .3543727E-02   .8101312E-03  -.6872304E-03  -.6627576E-03
  -.3165851E-02  -.2782350E-02  -.1005535E-02  -.4323256E-03  -.1140242E-02
  -.2670285E-02  -.3145653E-02  -.1770747E-02  -.7579484E-03   .1732453E-03
   .2195833E-02   .2658834E-02   .3394170E-02   .2273099E-02  -.1393898E-02
  -.6479720E-02  -.1218673E-01  -.1558344E-01  -.1822740E-01  -.1754821E-01
  -.1137632E-01  -.3478605E-02   .2808529E-02   .6225377E-02   .9259719E-02
   .8035555E-02   .5876044E-02   .3742027E-02   .2086383E-02   .4214934E-02
   .6698439E-02   .1061708E-01   .1381457E-01   .1320440E-01   .1020844E-01
   .8446664E-02   .7409090E-02   .8284011E-02   .8543864E-02   .8259031E-02
   .9655150E-02   .1287502E-01   .1648963E-01   .1758484E-01   .1647785E-01
   .1415399E-01   .1124568E-01   .8235354E-02   .7201783E-02   .7176984E-02
   .7133821E-02   .7628190E-02   .9006894E-02   .1011733E-01   .9749780E-02
   .9686182E-02   .8134398E-02   .7288448E-02   .7018793E-02   .6939869E-02
   .6035760E-02   .4817484E-02   .3974561E-02   .2521672E-02   .2191162E-03
  -.5493662E-03  -.6528152E-03  -.1575070E-04   .7855271E-03   .2597784E-03
   .3990631E-03  -.3199958E-02  -.6999927E-02  -.1079378E-01  -.1104111E-01
  -.8958752E-02  -.7547567E-02  -.6233288E-02  -.9120397E-02  -.1193713E-01
  -.1648889E-01  -.1918222E-01  -.1927761E-01  -.1881099E-01  -.1607182E-01
  -.1475861E-01  -.1288952E-01  -.1031153E-01  -.8703558E-02  -.8680678E-02
  -.7161465E-02  -.4584518E-02  -.2036137E-02   .6387159E-03   .2399643E-02
   .4613444E-02   .5659338E-02   .6353325E-02   .8818028E-02   .9169282E-02
   .7179630E-02   .4904372E-02   .3780687E-02   .3271036E-02   .2732819E-02
   .4272335E-02   .5043785E-02   .7035148E-02   .8399205E-02   .6428876E-02
   .4004640E-02   .1839478E-02   .1305290E-02   .1554455E-02  -.1286985E-02
  -.3445033E-02  -.5010466E-02  -.5022446E-02  -.4624391E-02  -.3007443E-02
   .2629180E-03   .1003674E-02   .1309903E-02  -.8033136E-03  -.3571376E-02
  -.5364326E-02  -.7035900E-02  -.9216462E-02  -.9196889E-02  -.8635700E-02
  -.9177141E-02  -.8027426E-02  -.4737756E-02  -.1817333E-02   .9011245E-03
   .3607335E-02   .5197661E-02   .6860401E-02   .7484775E-02   .5972244E-02
   .3475406E-02   .1639523E-02  -.2075858E-03  -.1870080E-02  -.3293900E-02
  -.2340107E-02  -.6559975E-03   .2049656E-03   .1352543E-02   .3979115E-02
   .3216222E-02   .6938235E-03  -.8045004E-03  -.4087830E-02  -.7445624E-02
  -.9348904E-02  -.1019955E-01  -.1066668E-01  -.8325755E-02  -.7172116E-02
  -.7522982E-02  -.6839572E-02  -.5415649E-02  -.1538629E-02   .1190885E-02
   .3311454E-02   .4076438E-02   .3269597E-02   .3418492E-02   .2543303E-02
   .3137928E-02   .1603809E-02  -.5759752E-03  -.1246164E-02   .8611032E-03
   .5336257E-03  -.8281361E-03  -.6966224E-03  -.2519731E-03   .6690119E-03
   .2104072E-02   .3473849E-02   .1685701E-02   .3565500E-03  -.1215366E-02
  -.1637745E-02  -.2657849E-02  -.2056156E-02  -.1488681E-03  -.2356834E-03
   .1291137E-02   .3560515E-02   .5417809E-02   .7323038E-02   .7341265E-02
   .7145288E-02   .4882788E-02   .2308164E-02   .6454174E-03   .1621407E-02
   .5202473E-02   .7419797E-02   .9536138E-02   .9636956E-02   .9711251E-02
   .9642742E-02   .8214571E-02   .6572196E-02   .3622179E-02   .1615661E-02
   .5944588E-03   .1142015E-02   .3895828E-02   .4109839E-02   .2493968E-02
   .1229994E-02   .8401584E-03   .9011607E-03   .3787209E-03   .7761921E-04
   .1396276E-02   .2268171E-02   .2494403E-02   .1458895E-02   .2714043E-03
  -.4071074E-03   .3331945E-04  -.3034950E-03  -.2005071E-02  -.4548147E-02
  -.5727485E-02  -.5236064E-02  -.3636924E-02  -.1401305E-02  -.5936874E-03
   .1730670E-02   .2157827E-02   .2856303E-02   .2591899E-02   .5595550E-04
  -.2217849E-02  -.4711974E-02  -.5308899E-02  -.5471303E-02  -.7159628E-02
  -.5843032E-02  -.3581918E-02  -.2932402E-02  -.2851025E-02  -.2676828E-02
  -.2718871E-02  -.3550393E-02  -.5147933E-02  -.6455794E-02  -.6115333E-02
  -.4502931E-02  -.2643688E-02  -.2171643E-02  -.2522737E-02  -.2548450E-02
  -.2746541E-02  -.3541330E-02  -.2231857E-02  -.1752664E-02  -.2282247E-02
  -.8942285E-03   .6325123E-03   .2669255E-02   .3807380E-02   .3906129E-02
   .3133800E-02   .7284526E-03   .1009788E-02   .1667508E-02   .3311571E-02
   .3831624E-02   .3073929E-02   .1607275E-02   .5265717E-03   .1427212E-02
   .1363743E-02   .3024714E-02   .2759511E-02   .2539117E-02   .3726233E-02
   .6070870E-02   .5529128E-02   .3808697E-02   .3347619E-02   .9418521E-03
  -.3698647E-03  -.1958310E-02  -.1719357E-02  -.2747859E-02  -.3618540E-02
  -.3556525E-02  -.4170170E-02  -.5013366E-02  -.8045209E-02  -.1001309E-01
  -.1163517E-01  -.1392177E-01  -.1539764E-01  -.1447166E-01  -.1163450E-01
  -.8740206E-02  -.5329017E-02  -.2767186E-02  -.1813566E-02  -.1208995E-02
  -.1495510E-02  -.2010369E-02  -.1539018E-02  -.1665889E-02  -.2604395E-02
  -.2343750E-02  -.1576229E-02  -.1232859E-04   .2763958E-02   .5115386E-02
   .7415631E-02   .8121645E-02   .7547005E-02   .6291383E-02   .4131786E-02
   .2153120E-02   .1584439E-02   .2000123E-02   .2972697E-02   .3817560E-02
   .5387121E-02   .6710987E-02   .6548389E-02   .6077925E-02   .5836414E-02
   .6007612E-02   .4895487E-02   .3877083E-02   .3592907E-02   .3476617E-02
   .2989381E-02   .1884385E-02   .1126895E-02   .1807498E-03  -.7694101E-03
   .3534071E-04   .7016864E-03   .2845612E-03   .2292716E-04  -.1037101E-03
  -.2395516E-03   .1369845E-03   .3412434E-03  -.1027442E-03   .2889770E-03
   .4699292E-03   .1398103E-03  -.6168558E-03  -.1270215E-02  -.7404925E-03
  -.3276284E-04   .3992723E-03   .8480485E-03   .1319155E-02   .7885298E-03
   .2280910E-03  -.3889328E-03  -.1015947E-02  -.1666870E-02  -.1904350E-02
  -.1457730E-02  -.9067671E-03  -.3473991E-03  -.3005285E-03  -.4107615E-04
  -.1647558E-03  -.1968305E-03  -.2427736E-03  -.8977089E-04   .2214543E-03
   .2087891E-03   .5721224E-04   .2077131E-04  -.5172617E-04  -.5912125E-03
  -.1081250E-02  -.1375375E-02  -.1184325E-02  -.1165589E-02  -.1326272E-02
  -.1005403E-02  -.6999298E-03  -.6132234E-03  -.5456003E-03  -.4886601E-03
  -.1820696E-03   .2341858E-03   .5403553E-03   .6482124E-03   .4691947E-03
   .3883334E-03   .4423973E-03   .3565095E-03   .2608146E-03   .3163218E-03
   .3946875E-03   .2543584E-03   .1443230E-03   .1361986E-03   .3618436E-04
  -.8160002E-04  -.1752433E-03  -.1354311E-03  -.8143853E-04  -.8923368E-04
  -.9034127E-04  -.8944754E-04  -.1039164E-03  -.1967877E-03  -.2631105E-03
  -.2407226E-03  -.1485581E-03  -.1028214E-03  -.7453527E-04  -.5471205E-04
  -.5238221E-04  -.4539266E-04  -.3783965E-04  -.2813516E-04  -.1900624E-04
   .3416994E-05   .4987365E-04   .1094252E-03   .1541254E-03   .1758668E-03
   .1833481E-03   .1732657E-03   .1564675E-03   .1532311E-03   .1448513E-03
   .1531711E-03   .1499085E-03   .1508414E-03   .1464890E-03   .1410410E-03
   .1397025E-03   .1344892E-03   .1309460E-03   .1196972E-03   .1106266E-03
   .1029931E-03   .9771893E-04   .9347139E-04   .8964682E-04   .8582554E-04
   .8055877E-04   .7392579E-04   .6710602E-04   .6087283E-04   .5464621E-04
   .4846256E-04   .4204946E-04   .3560194E-04   .2914731E-04   .2251535E-04
   .1597816E-04   .9411601E-05   .2754852E-05  -.4062693E-05  -.1104890E-04
  -.1821902E-04  -.2558669E-04  -.3315581E-04  -.4093403E-04  -.4892911E-04
