PEER NGA STRONG MOTION DATABASE RECORD
Northridge-01, 1/17/1994, Arleta - Nordhoff Fire Sta, 90
DISPLACEMENT TIME SERIES IN UNITS OF CM
NPTS=   2000, DT=   .0200 SEC                                              
   .0000000E+00  -.3739843E-03  -.1278959E-02  -.2688847E-02  -.4924274E-02
  -.8238626E-02  -.1263142E-01  -.1792273E-01  -.2372043E-01  -.2926256E-01
  -.3392349E-01  -.3742371E-01  -.3941434E-01  -.3983818E-01  -.3960300E-01
  -.3956080E-01  -.4006958E-01  -.4139277E-01  -.4369903E-01  -.4657730E-01
  -.4971026E-01  -.5279005E-01  -.5474604E-01  -.5520912E-01  -.5580214E-01
  -.5850620E-01  -.6271567E-01  -.6866682E-01  -.7791530E-01  -.9069503E-01
  -.1044749E+00  -.1182754E+00  -.1344735E+00  -.1529411E+00  -.1734726E+00
  -.1944742E+00  -.2181674E+00  -.2477100E+00  -.2788211E+00  -.3097776E+00
  -.3422820E+00  -.3780437E+00  -.4175356E+00  -.4594990E+00  -.5027184E+00
  -.5466088E+00  -.5917322E+00  -.6373233E+00  -.6808353E+00  -.7199597E+00
  -.7540866E+00  -.7851984E+00  -.8148381E+00  -.8419299E+00  -.8655322E+00
  -.8874677E+00  -.9087625E+00  -.9258584E+00  -.9359775E+00  -.9413611E+00
  -.9450955E+00  -.9443691E+00  -.9345415E+00  -.9185674E+00  -.9038357E+00
  -.8913937E+00  -.8747434E+00  -.8521772E+00  -.8293244E+00  -.8086270E+00
  -.7862367E+00  -.7585093E+00  -.7268740E+00  -.6940564E+00  -.6581881E+00
  -.6143786E+00  -.5630113E+00  -.5086590E+00  -.4515872E+00  -.3895654E+00
  -.3229533E+00  -.2550553E+00  -.1887165E+00  -.1219806E+00  -.5004928E-01
   .2761290E-01   .1070053E+00   .1880052E+00   .2766635E+00   .3765363E+00
   .4838222E+00   .5935033E+00   .7033119E+00   .8125730E+00   .9204693E+00
   .1024483E+01   .1124889E+01   .1226034E+01   .1330331E+01   .1435717E+01
   .1539907E+01   .1644715E+01   .1752748E+01   .1865314E+01   .1982919E+01
   .2104504E+01   .2228422E+01   .2354479E+01   .2482337E+01   .2609867E+01
   .2736851E+01   .2868641E+01   .3010943E+01   .3159909E+01   .3307971E+01
   .3450668E+01   .3584590E+01   .3709610E+01   .3825529E+01   .3933102E+01
   .4041049E+01   .4155198E+01   .4269893E+01   .4377305E+01   .4477561E+01
   .4578986E+01   .4691064E+01   .4821534E+01   .4973417E+01   .5141847E+01
   .5316922E+01   .5487983E+01   .5645727E+01   .5789352E+01   .5928981E+01
   .6076440E+01   .6236737E+01   .6405293E+01   .6576130E+01   .6746406E+01
   .6915687E+01   .7087815E+01   .7267713E+01   .7459934E+01   .7669165E+01
   .7895031E+01   .8127481E+01   .8355522E+01   .8580117E+01   .8810996E+01
   .9052939E+01   .9301974E+01   .9549615E+01   .9779558E+01   .9971324E+01
   .1011091E+02   .1019317E+02   .1022110E+02   .1019905E+02   .1012613E+02
   .9995458E+01   .9798740E+01   .9531252E+01   .9187357E+01   .8764026E+01
   .8275108E+01   .7743634E+01   .7180330E+01   .6580014E+01   .5931725E+01
   .5228078E+01   .4467051E+01   .3661248E+01   .2845952E+01   .2063406E+01
   .1348804E+01   .7281810E+00   .2119553E+00  -.2012749E+00  -.5049127E+00
  -.6836484E+00  -.7420649E+00  -.7236380E+00  -.6813553E+00  -.6312241E+00
  -.5432878E+00  -.3799092E+00  -.1305124E+00   .2027514E+00   .6140736E+00
   .1089071E+01   .1609197E+01   .2147027E+01   .2670828E+01   .3156721E+01
   .3595329E+01   .3995750E+01   .4371678E+01   .4717787E+01   .5010450E+01
   .5225755E+01   .5366136E+01   .5468446E+01   .5557193E+01   .5622317E+01
   .5650068E+01   .5633037E+01   .5565230E+01   .5457309E+01   .5339018E+01
   .5231108E+01   .5137415E+01   .5062173E+01   .5008088E+01   .4965641E+01
   .4919759E+01   .4856655E+01   .4767571E+01   .4657064E+01   .4539512E+01
   .4419763E+01   .4287065E+01   .4133441E+01   .3961728E+01   .3772316E+01
   .3563282E+01   .3346946E+01   .3149540E+01   .2987142E+01   .2841655E+01
   .2676327E+01   .2477276E+01   .2263349E+01   .2059334E+01   .1875933E+01
   .1719794E+01   .1601031E+01   .1526911E+01   .1488148E+01   .1447715E+01
   .1365128E+01   .1224730E+01   .1034457E+01   .8065682E+00   .5426930E+00
   .2510458E+00  -.3439035E-01  -.2678820E+00  -.4193937E+00  -.4856192E+00
  -.4771750E+00  -.4017232E+00  -.2667549E+00  -.1027025E+00   .3423887E-01
   .1013269E+00   .9802511E-01   .4784988E-01  -.3542349E-01  -.1584533E+00
  -.3294095E+00  -.5342073E+00  -.7387105E+00  -.9128216E+00  -.1047991E+01
  -.1156604E+01  -.1260590E+01  -.1380665E+01  -.1536022E+01  -.1747323E+01
  -.2027332E+01  -.2369367E+01  -.2741076E+01  -.3104486E+01  -.3456268E+01
  -.3818774E+01  -.4201021E+01  -.4589443E+01  -.4961580E+01  -.5301047E+01
  -.5596976E+01  -.5836572E+01  -.6004251E+01  -.6082799E+01  -.6065000E+01
  -.5965587E+01  -.5804871E+01  -.5598789E+01  -.5382271E+01  -.5209830E+01
  -.5110995E+01  -.5074877E+01  -.5081980E+01  -.5112565E+01  -.5142537E+01
  -.5157443E+01  -.5164352E+01  -.5189897E+01  -.5257206E+01  -.5362379E+01
  -.5482892E+01  -.5603552E+01  -.5719572E+01  -.5827526E+01  -.5924495E+01
  -.6003776E+01  -.6055285E+01  -.6069390E+01  -.6034970E+01  -.5946782E+01
  -.5818321E+01  -.5674531E+01  -.5533001E+01  -.5399520E+01  -.5272704E+01
  -.5152517E+01  -.5046466E+01  -.4961849E+01  -.4900846E+01  -.4864294E+01
  -.4850404E+01  -.4853160E+01  -.4865418E+01  -.4882056E+01  -.4899320E+01
  -.4912217E+01  -.4911893E+01  -.4888237E+01  -.4839651E+01  -.4772019E+01
  -.4688978E+01  -.4585880E+01  -.4450867E+01  -.4276192E+01  -.4062906E+01
  -.3813166E+01  -.3530522E+01  -.3225604E+01  -.2912249E+01  -.2603892E+01
  -.2315935E+01  -.2065163E+01  -.1854534E+01  -.1664317E+01  -.1475608E+01
  -.1293138E+01  -.1134699E+01  -.1011999E+01  -.9260580E+00  -.8639456E+00
  -.8087073E+00  -.7515583E+00  -.6849754E+00  -.6041268E+00  -.5164307E+00
  -.4340361E+00  -.3577795E+00  -.2828194E+00  -.2136922E+00  -.1650712E+00
  -.1499963E+00  -.1692703E+00  -.2179342E+00  -.2941946E+00  -.3972013E+00
  -.5233685E+00  -.6653894E+00  -.8125172E+00  -.9519820E+00  -.1068313E+01
  -.1149327E+01  -.1198138E+01  -.1228326E+01  -.1246814E+01  -.1248641E+01
  -.1225071E+01  -.1175521E+01  -.1112766E+01  -.1052662E+01  -.1004112E+01
  -.9715432E+00  -.9612533E+00  -.9832233E+00  -.1047718E+01  -.1159372E+01
  -.1308339E+01  -.1466980E+01  -.1602720E+01  -.1700346E+01  -.1765145E+01
  -.1808694E+01  -.1846882E+01  -.1900756E+01  -.1983933E+01  -.2089223E+01
  -.2198435E+01  -.2305765E+01  -.2422829E+01  -.2561021E+01  -.2714638E+01
  -.2873859E+01  -.3046025E+01  -.3246277E+01  -.3479359E+01  -.3736936E+01
  -.4001978E+01  -.4259221E+01  -.4502437E+01  -.4729538E+01  -.4933080E+01
  -.5098302E+01  -.5214316E+01  -.5283443E+01  -.5314584E+01  -.5307538E+01
  -.5249162E+01  -.5125259E+01  -.4933991E+01  -.4686995E+01  -.4395678E+01
  -.4064069E+01  -.3702356E+01  -.3335868E+01  -.2992014E+01  -.2686244E+01
  -.2416674E+01  -.2170694E+01  -.1944022E+01  -.1739923E+01  -.1549028E+01
  -.1350925E+01  -.1131083E+01  -.8882256E+00  -.6351610E+00  -.3905664E+00
  -.1658046E+00   .3649062E-01   .2149885E+00   .3652849E+00   .4824559E+00
   .5655401E+00   .6162806E+00   .6349716E+00   .6219388E+00   .5841585E+00
   .5295828E+00   .4527135E+00   .3410780E+00   .1969373E+00   .3970577E-01
  -.1084638E+00  -.2310923E+00  -.3249813E+00  -.3994940E+00  -.4613850E+00
  -.5165707E+00  -.5837365E+00  -.6878778E+00  -.8449360E+00  -.1053962E+01
  -.1300841E+01  -.1569581E+01  -.1845438E+01  -.2115037E+01  -.2374016E+01
  -.2627896E+01  -.2882549E+01  -.3143617E+01  -.3416279E+01  -.3697834E+01
  -.3980729E+01  -.4258148E+01  -.4521007E+01  -.4755368E+01  -.4943552E+01
  -.5067067E+01  -.5115968E+01  -.5099138E+01  -.5036905E+01  -.4941240E+01
  -.4808565E+01  -.4633171E+01  -.4417789E+01  -.4164916E+01  -.3872199E+01
  -.3545292E+01  -.3208074E+01  -.2891445E+01  -.2614559E+01  -.2381380E+01
  -.2186197E+01  -.2020663E+01  -.1883670E+01  -.1782446E+01  -.1716972E+01
  -.1666667E+01  -.1600214E+01  -.1493747E+01  -.1337682E+01  -.1135987E+01
  -.9005696E+00  -.6444346E+00  -.3788525E+00  -.1106119E+00   .1582398E+00
   .4249660E+00   .6843903E+00   .9320361E+00   .1164657E+01   .1383769E+01
   .1600517E+01   .1828101E+01   .2068232E+01   .2310424E+01   .2543961E+01
   .2769743E+01   .2999730E+01   .3237669E+01   .3470016E+01   .3682892E+01
   .3871292E+01   .4032946E+01   .4167568E+01   .4280205E+01   .4375265E+01
   .4448400E+01   .4488945E+01   .4486634E+01   .4435805E+01   .4336847E+01
   .4200204E+01   .4047904E+01   .3902271E+01   .3777277E+01   .3681468E+01
   .3620802E+01   .3599088E+01   .3618206E+01   .3678084E+01   .3775099E+01
   .3898419E+01   .4031618E+01   .4159468E+01   .4268617E+01   .4346447E+01
   .4385589E+01   .4384724E+01   .4344213E+01   .4268128E+01   .4172168E+01
   .4081369E+01   .4017377E+01   .3990776E+01   .4002808E+01   .4051700E+01
   .4136233E+01   .4254161E+01   .4399635E+01   .4564003E+01   .4739609E+01
   .4921514E+01   .5106703E+01   .5293638E+01   .5482080E+01   .5671103E+01
   .5856713E+01   .6034309E+01   .6201398E+01   .6352833E+01   .6476688E+01
   .6557758E+01   .6583839E+01   .6551246E+01   .6464220E+01   .6327653E+01
   .6145324E+01   .5924563E+01   .5677481E+01   .5419239E+01   .5164596E+01
   .4922772E+01   .4696587E+01   .4486419E+01   .4292139E+01   .4108833E+01
   .3924592E+01   .3728710E+01   .3518625E+01   .3299185E+01   .3080107E+01
   .2870506E+01   .2674614E+01   .2493939E+01   .2331151E+01   .2190653E+01
   .2076081E+01   .1986657E+01   .1917017E+01   .1862088E+01   .1820290E+01
   .1792270E+01   .1777870E+01   .1776248E+01   .1788597E+01   .1817784E+01
   .1864828E+01   .1924640E+01   .1988193E+01   .2049551E+01   .2106732E+01
   .2160930E+01   .2215735E+01   .2273785E+01   .2335926E+01   .2401180E+01
   .2466832E+01   .2530307E+01   .2589101E+01   .2638425E+01   .2672234E+01
   .2686151E+01   .2676957E+01   .2641210E+01   .2575819E+01   .2480221E+01
   .2359623E+01   .2225115E+01   .2088214E+01   .1956311E+01   .1832211E+01
   .1714303E+01   .1599202E+01   .1484719E+01   .1367567E+01   .1241677E+01
   .1101689E+01   .9468479E+00   .7811374E+00   .6091383E+00   .4324095E+00
   .2514135E+00   .7084206E-01  -.9952396E-01  -.2498955E+00  -.3737549E+00
  -.4678179E+00  -.5325539E+00  -.5736905E+00  -.5997694E+00  -.6158040E+00
  -.6221406E+00  -.6178894E+00  -.6031011E+00  -.5800072E+00  -.5519378E+00
  -.5206760E+00  -.4870792E+00  -.4535484E+00  -.4265134E+00  -.4164711E+00
  -.4312472E+00  -.4709043E+00  -.5302319E+00  -.6023455E+00  -.6809983E+00
  -.7626862E+00  -.8470967E+00  -.9342504E+00  -.1021594E+01  -.1105363E+01
  -.1182987E+01  -.1252764E+01  -.1312926E+01  -.1363263E+01  -.1408482E+01
  -.1458643E+01  -.1525828E+01  -.1619639E+01  -.1744932E+01  -.1902186E+01
  -.2086403E+01  -.2286599E+01  -.2490404E+01  -.2689949E+01  -.2882746E+01
  -.3068601E+01  -.3247019E+01  -.3416165E+01  -.3573511E+01  -.3717773E+01
  -.3849481E+01  -.3969742E+01  -.4079709E+01  -.4180093E+01  -.4269984E+01
  -.4347390E+01  -.4411313E+01  -.4462448E+01  -.4502614E+01  -.4534138E+01
  -.4557525E+01  -.4569533E+01  -.4566249E+01  -.4546497E+01  -.4510418E+01
  -.4457325E+01  -.4386080E+01  -.4295974E+01  -.4186938E+01  -.4059725E+01
  -.3915811E+01  -.3757639E+01  -.3588704E+01  -.3412310E+01  -.3231126E+01
  -.3048461E+01  -.2868372E+01  -.2693594E+01  -.2523648E+01  -.2353880E+01
  -.2175632E+01  -.1979368E+01  -.1758486E+01  -.1509681E+01  -.1231242E+01
  -.9221100E+00  -.5829851E+00  -.2187717E+00   .1625727E+00   .5530132E+00
   .9441447E+00   .1328270E+01   .1700258E+01   .2055941E+01   .2391646E+01
   .2705760E+01   .2997767E+01   .3265568E+01   .3505499E+01   .3714787E+01
   .3892829E+01   .4040127E+01   .4157897E+01   .4250172E+01   .4324164E+01
   .4387273E+01   .4444865E+01   .4497278E+01   .4536674E+01   .4552351E+01
   .4538725E+01   .4495830E+01   .4427638E+01   .4340741E+01   .4241815E+01
   .4136836E+01   .4031511E+01   .3930588E+01   .3836738E+01   .3750082E+01
   .3668579E+01   .3589196E+01   .3508827E+01   .3424906E+01   .3336180E+01
   .3242455E+01   .3143080E+01   .3035967E+01   .2918401E+01   .2788822E+01
   .2647775E+01   .2497445E+01   .2341120E+01   .2182677E+01   .2026410E+01
   .1877994E+01   .1744920E+01   .1634799E+01   .1553024E+01   .1502218E+01
   .1482806E+01   .1492197E+01   .1523231E+01   .1564760E+01   .1604565E+01
   .1633333E+01   .1646298E+01   .1641318E+01   .1617823E+01   .1577686E+01
   .1524661E+01   .1461980E+01   .1391185E+01   .1312414E+01   .1224454E+01
   .1125363E+01   .1014016E+01   .8907711E+00   .7563143E+00   .6109225E+00
   .4559570E+00   .2945678E+00   .1290709E+00  -.4047267E-01  -.2134610E+00
  -.3861648E+00  -.5526243E+00  -.7057923E+00  -.8373570E+00  -.9406051E+00
  -.1013743E+01  -.1058066E+01  -.1075022E+01  -.1066427E+01  -.1035597E+01
  -.9870440E+00  -.9244285E+00  -.8489850E+00  -.7606655E+00  -.6607723E+00
  -.5533144E+00  -.4431795E+00  -.3342673E+00  -.2296526E+00  -.1305050E+00
  -.3459131E-01   .6191330E-01   .1602676E+00   .2576931E+00   .3500618E+00
   .4344631E+00   .5094891E+00   .5748203E+00   .6310309E+00   .6794117E+00
   .7218445E+00   .7616830E+00   .8039416E+00   .8532822E+00   .9124481E+00
   .9814393E+00   .1056899E+01   .1133949E+01   .1209019E+01   .1280202E+01
   .1346232E+01   .1406285E+01   .1460209E+01   .1507990E+01   .1548856E+01
   .1581028E+01   .1602757E+01   .1614095E+01   .1616853E+01   .1612694E+01
   .1601822E+01   .1583276E+01   .1555544E+01   .1516653E+01   .1464898E+01
   .1400015E+01   .1322900E+01   .1233657E+01   .1130610E+01   .1011696E+01
   .8760673E+00   .7250997E+00   .5633605E+00   .3971902E+00   .2316246E+00
   .7104282E-01  -.7888585E-01  -.2130456E+00  -.3293665E+00  -.4283891E+00
  -.5110895E+00  -.5781427E+00  -.6316488E+00  -.6757756E+00  -.7141970E+00
  -.7485015E+00  -.7797591E+00  -.8099287E+00  -.8410485E+00  -.8731821E+00
  -.9034992E+00  -.9278572E+00  -.9434218E+00  -.9502654E+00  -.9513611E+00
  -.9507615E+00  -.9510285E+00  -.9518702E+00  -.9506815E+00  -.9449133E+00
  -.9343782E+00  -.9208332E+00  -.9055917E+00  -.8887994E+00  -.8710218E+00
  -.8541957E+00  -.8408445E+00  -.8330937E+00  -.8324340E+00  -.8397040E+00
  -.8549898E+00  -.8780126E+00  -.9089847E+00  -.9487798E+00  -.9980965E+00
  -.1056983E+01  -.1125302E+01  -.1203012E+01  -.1289464E+01  -.1382580E+01
  -.1479444E+01  -.1578149E+01  -.1679042E+01  -.1783998E+01  -.1894531E+01
  -.2010869E+01  -.2132582E+01  -.2258752E+01  -.2387660E+01  -.2517674E+01
  -.2648447E+01  -.2780734E+01  -.2914939E+01  -.3049803E+01  -.3181832E+01
  -.3305601E+01  -.3415418E+01  -.3506802E+01  -.3576964E+01  -.3625063E+01
  -.3651943E+01  -.3659609E+01  -.3651076E+01  -.3630160E+01  -.3600150E+01
  -.3561834E+01  -.3513540E+01  -.3453082E+01  -.3378790E+01  -.3289679E+01
  -.3185979E+01  -.3069300E+01  -.2941730E+01  -.2804925E+01  -.2660299E+01
  -.2510198E+01  -.2358569E+01  -.2210600E+01  -.2072176E+01  -.1948018E+01
  -.1839037E+01  -.1741269E+01  -.1647810E+01  -.1552458E+01  -.1451195E+01
  -.1342017E+01  -.1225193E+01  -.1103322E+01  -.9805325E+00  -.8606763E+00
  -.7456347E+00  -.6353778E+00  -.5288223E+00  -.4237860E+00  -.3172788E+00
  -.2072159E+00  -.9395132E-01   .2039086E-01   .1339776E+00   .2462428E+00
   .3575602E+00   .4686180E+00   .5796302E+00   .6895738E+00   .7964380E+00
   .8978109E+00   .9906394E+00   .1071121E+01   .1135468E+01   .1180984E+01
   .1206472E+01   .1212122E+01   .1199451E+01   .1170806E+01   .1128224E+01
   .1072563E+01   .1003705E+01   .9215955E+00   .8270348E+00   .7214293E+00
   .6061241E+00   .4823017E+00   .3513964E+00   .2150835E+00   .7498986E-01
  -.6697763E-01  -.2082638E+00  -.3463161E+00  -.4799624E+00  -.6103718E+00
  -.7405957E+00  -.8737848E+00  -.1011407E+01  -.1152679E+01  -.1295390E+01
  -.1437141E+01  -.1576030E+01  -.1710926E+01  -.1841435E+01  -.1967004E+01
  -.2085952E+01  -.2195826E+01  -.2294887E+01  -.2383202E+01  -.2462395E+01
  -.2534760E+01  -.2602436E+01  -.2666800E+01  -.2728265E+01  -.2786423E+01
  -.2840165E+01  -.2887890E+01  -.2928013E+01  -.2959308E+01  -.2981189E+01
  -.2994118E+01  -.2999495E+01  -.2998572E+01  -.2991324E+01  -.2976532E+01
  -.2952628E+01  -.2918053E+01  -.2871487E+01  -.2812080E+01  -.2739396E+01
  -.2653578E+01  -.2555689E+01  -.2447484E+01  -.2330485E+01  -.2205368E+01
  -.2072253E+01  -.1931335E+01  -.1782906E+01  -.1627147E+01  -.1464277E+01
  -.1294639E+01  -.1118885E+01  -.9382104E+00  -.7545554E+00  -.5705293E+00
  -.3888157E+00  -.2112413E+00  -.3793507E-01   .1321880E+00   .2999679E+00
   .4652670E+00   .6272042E+00   .7845172E+00   .9357178E+00   .1079461E+01
   .1215086E+01   .1342653E+01   .1462379E+01   .1574019E+01   .1676433E+01
   .1767806E+01   .1846647E+01   .1912463E+01   .1965392E+01   .2005540E+01
   .2032780E+01   .2047110E+01   .2049333E+01   .2041616E+01   .2026888E+01
   .2007117E+01   .1982548E+01   .1952786E+01   .1917956E+01   .1878891E+01
   .1837082E+01   .1794422E+01   .1752395E+01   .1711403E+01   .1670974E+01
   .1630710E+01   .1590841E+01   .1551778E+01   .1513648E+01   .1476707E+01
   .1441545E+01   .1408540E+01   .1377704E+01   .1348568E+01   .1319922E+01
   .1290001E+01   .1256645E+01   .1217963E+01   .1173329E+01   .1123431E+01
   .1068957E+01   .1009209E+01   .9424944E+00   .8674419E+00   .7839844E+00
   .6934240E+00   .5978908E+00   .5002712E+00   .4035015E+00   .3093127E+00
   .2179991E+00   .1288425E+00   .4032410E-01  -.4950120E-01  -.1416789E+00
  -.2357477E+00  -.3314158E+00  -.4299926E+00  -.5338465E+00  -.6452627E+00
  -.7658778E+00  -.8965225E+00  -.1036892E+01  -.1185529E+01  -.1340608E+01
  -.1500741E+01  -.1664604E+01  -.1830317E+01  -.1995822E+01  -.2159451E+01
  -.2320130E+01  -.2477176E+01  -.2629791E+01  -.2776843E+01  -.2917355E+01
  -.3050964E+01  -.3177783E+01  -.3298225E+01  -.3412702E+01  -.3521199E+01
  -.3623245E+01  -.3718459E+01  -.3806843E+01  -.3888483E+01  -.3963400E+01
  -.4031270E+01  -.4091169E+01  -.4141962E+01  -.4182779E+01  -.4213284E+01
  -.4233657E+01  -.4244406E+01  -.4246296E+01  -.4239955E+01  -.4225904E+01
  -.4205086E+01  -.4178894E+01  -.4148511E+01  -.4113917E+01  -.4073962E+01
  -.4027397E+01  -.3973513E+01  -.3912258E+01  -.3844168E+01  -.3769976E+01
  -.3690032E+01  -.3604358E+01  -.3512980E+01  -.3415911E+01  -.3312966E+01
  -.3203489E+01  -.3086354E+01  -.2960388E+01  -.2824964E+01  -.2680662E+01
  -.2529736E+01  -.2376223E+01  -.2224799E+01  -.2078695E+01  -.1939069E+01
  -.1805546E+01  -.1676371E+01  -.1548741E+01  -.1420151E+01  -.1290112E+01
  -.1160297E+01  -.1032798E+01  -.9087374E+00  -.7882114E+00  -.6705877E+00
  -.5547394E+00  -.4394700E+00  -.3241814E+00  -.2092859E+00  -.9605152E-01
   .1403392E-01   .1198002E+00   .2204667E+00   .3159449E+00   .4073002E+00
   .4963587E+00   .5845160E+00   .6718255E+00   .7573241E+00   .8401953E+00
   .9205393E+00   .9992921E+00   .1077387E+01   .1154982E+01   .1231559E+01
   .1306708E+01   .1380820E+01   .1454128E+01   .1525482E+01   .1593479E+01
   .1657453E+01   .1716912E+01   .1771596E+01   .1821850E+01   .1868212E+01
   .1910850E+01   .1949357E+01   .1983033E+01   .2011264E+01   .2034048E+01
   .2052483E+01   .2067934E+01   .2080471E+01   .2088975E+01   .2092348E+01
   .2089856E+01   .2081233E+01   .2066594E+01   .2045872E+01   .2018573E+01
   .1984342E+01   .1943625E+01   .1897491E+01   .1847120E+01   .1793498E+01
   .1737631E+01   .1680750E+01   .1623967E+01   .1568034E+01   .1513175E+01
   .1458986E+01   .1404850E+01   .1350774E+01   .1297837E+01   .1247479E+01
   .1200299E+01   .1155487E+01   .1111704E+01   .1068722E+01   .1027588E+01
   .9891964E+00   .9535441E+00   .9202228E+00   .8890241E+00   .8601572E+00
   .8341338E+00   .8113388E+00   .7916812E+00   .7745191E+00   .7587580E+00
   .7435330E+00   .7284896E+00   .7129220E+00   .6954977E+00   .6752213E+00
   .6522789E+00   .6274919E+00   .6013541E+00   .5740376E+00   .5457530E+00
   .5169682E+00   .4886368E+00   .4620202E+00   .4380987E+00   .4170644E+00
   .3981600E+00   .3804001E+00   .3636929E+00   .3492722E+00   .3393355E+00
   .3361930E+00   .3413756E+00   .3552212E+00   .3770649E+00   .4056562E+00
   .4396413E+00   .4780597E+00   .5206820E+00   .5682355E+00   .6221675E+00
   .6840817E+00   .7550515E+00   .8347192E+00   .9211828E+00   .1011917E+01
   .1104641E+01   .1197531E+01   .1289223E+01   .1379104E+01   .1467491E+01
   .1555097E+01   .1642364E+01   .1729389E+01   .1816072E+01   .1902527E+01
   .1989796E+01   .2079605E+01   .2173331E+01   .2271613E+01   .2374178E+01
   .2479616E+01   .2585907E+01   .2691392E+01   .2795359E+01   .2898213E+01
   .3001486E+01   .3107097E+01   .3216201E+01   .3329086E+01   .3445695E+01
   .3565966E+01   .3689938E+01   .3817830E+01   .3949834E+01   .4085448E+01
   .4223414E+01   .4362109E+01   .4499862E+01   .4635227E+01   .4766842E+01
   .4893172E+01   .5012554E+01   .5123389E+01   .5224171E+01   .5313347E+01
   .5389039E+01   .5448776E+01   .5490192E+01   .5512523E+01   .5517221E+01
   .5506879E+01   .5483859E+01   .5449928E+01   .5406407E+01   .5354625E+01
   .5296129E+01   .5232191E+01   .5163569E+01   .5090797E+01   .5014287E+01
   .4934026E+01   .4849225E+01   .4758264E+01   .4659269E+01   .4550937E+01
   .4432911E+01   .4305616E+01   .4169962E+01   .4027170E+01   .3878699E+01
   .3726244E+01   .3571329E+01   .3414911E+01   .3257293E+01   .3098317E+01
   .2938070E+01   .2777229E+01   .2616619E+01   .2456972E+01   .2298932E+01
   .2142863E+01   .1989093E+01   .1838371E+01   .1691927E+01   .1551263E+01
   .1417661E+01   .1291643E+01   .1172924E+01   .1060924E+01   .9551442E+00
   .8550592E+00   .7598430E+00   .6681586E+00   .5780668E+00   .4874107E+00
   .3945375E+00   .2988460E+00   .2008442E+00   .1017090E+00   .2637629E-02
  -.9577703E-01  -.1933982E+00  -.2901648E+00  -.3864661E+00  -.4832209E+00
  -.5814363E+00  -.6818790E+00  -.7847418E+00  -.8896334E+00  -.9959374E+00
  -.1102970E+01  -.1209926E+01  -.1315784E+01  -.1419312E+01  -.1519131E+01
  -.1613849E+01  -.1702425E+01  -.1784371E+01  -.1859564E+01  -.1927959E+01
  -.1989569E+01  -.2044449E+01  -.2092511E+01  -.2133262E+01  -.2165710E+01
  -.2188828E+01  -.2202279E+01  -.2206567E+01  -.2202704E+01  -.2191913E+01
  -.2175357E+01  -.2153954E+01  -.2128053E+01  -.2097281E+01  -.2061048E+01
  -.2019030E+01  -.1971193E+01  -.1917833E+01  -.1859846E+01  -.1798687E+01
  -.1735518E+01  -.1670863E+01  -.1605185E+01  -.1539326E+01  -.1474766E+01
  -.1413052E+01  -.1355135E+01  -.1301347E+01  -.1251256E+01  -.1204153E+01
  -.1159640E+01  -.1117387E+01  -.1077033E+01  -.1038559E+01  -.1002409E+01
  -.9692439E+00  -.9394611E+00  -.9130792E+00  -.8901723E+00  -.8708759E+00
  -.8548067E+00  -.8409277E+00  -.8281607E+00  -.8159111E+00  -.8040626E+00
  -.7928315E+00  -.7826833E+00  -.7739656E+00  -.7667695E+00  -.7612663E+00
  -.7577739E+00  -.7563897E+00  -.7567031E+00  -.7579531E+00  -.7595586E+00
  -.7614786E+00  -.7639623E+00  -.7672646E+00  -.7714458E+00  -.7761482E+00
  -.7807311E+00  -.7844861E+00  -.7865423E+00  -.7861399E+00  -.7831012E+00
  -.7774355E+00  -.7688708E+00  -.7570553E+00  -.7418103E+00  -.7230782E+00
  -.7007719E+00  -.6749477E+00  -.6460437E+00  -.6148112E+00  -.5821491E+00
  -.5490319E+00  -.5164442E+00  -.4850639E+00  -.4553075E+00  -.4278337E+00
  -.4036123E+00  -.3836496E+00  -.3687866E+00  -.3594682E+00  -.3554805E+00
  -.3560958E+00  -.3604363E+00  -.3675875E+00  -.3769046E+00  -.3883286E+00
  -.4021158E+00  -.4184621E+00  -.4374241E+00  -.4590111E+00  -.4831321E+00
  -.5094871E+00  -.5379852E+00  -.5688216E+00  -.6017080E+00  -.6356325E+00
  -.6695019E+00  -.7027389E+00  -.7352743E+00  -.7674632E+00  -.8000235E+00
  -.8334800E+00  -.8674567E+00  -.9008375E+00  -.9326559E+00  -.9622811E+00
  -.9891668E+00  -.1012923E+01  -.1033337E+01  -.1050300E+01  -.1063629E+01
  -.1072720E+01  -.1076506E+01  -.1073735E+01  -.1063512E+01  -.1045572E+01
  -.1020108E+01  -.9877105E+00  -.9492532E+00  -.9058390E+00  -.8587128E+00
  -.8091494E+00  -.7584950E+00  -.7078420E+00  -.6576820E+00  -.6081024E+00
  -.5591066E+00  -.5107929E+00  -.4634306E+00  -.4174499E+00  -.3734204E+00
  -.3319329E+00  -.2933676E+00  -.2574347E+00  -.2228767E+00  -.1879587E+00
  -.1514958E+00  -.1131466E+00  -.7271911E-01  -.2993249E-01   .1531113E-01
   .6297554E-01   .1130722E+00   .1656400E+00   .2206892E+00   .2781891E+00
   .3380433E+00   .3997475E+00   .4619845E+00   .5230255E+00   .5813934E+00
   .6361500E+00   .6868121E+00   .7331256E+00   .7750935E+00   .8129758E+00
   .8470455E+00   .8772344E+00   .9032155E+00   .9247641E+00   .9417165E+00
   .9538074E+00   .9604471E+00   .9607978E+00   .9542286E+00   .9406016E+00
   .9203442E+00   .8941725E+00   .8627568E+00   .8264323E+00   .7851733E+00
   .7391388E+00   .6888591E+00   .6348324E+00   .5774529E+00   .5170434E+00
   .4535865E+00   .3869951E+00   .3178042E+00   .2470364E+00   .1756402E+00
   .1045823E+00   .3494510E-01  -.3239636E-01  -.9721775E-01  -.1602766E+00
  -.2227724E+00  -.2853591E+00  -.3479830E+00  -.4102654E+00  -.4717168E+00
  -.5319475E+00  -.5907982E+00  -.6483377E+00  -.7048777E+00  -.7607870E+00
  -.8162905E+00  -.8713256E+00  -.9253674E+00  -.9774838E+00  -.1026698E+01
  -.1072620E+01  -.1115756E+01  -.1156928E+01  -.1196566E+01  -.1234729E+01
  -.1271459E+01  -.1306992E+01  -.1341912E+01  -.1376922E+01  -.1412435E+01
  -.1448503E+01  -.1484756E+01  -.1520413E+01  -.1554686E+01  -.1587077E+01
  -.1617498E+01  -.1646078E+01  -.1672807E+01  -.1697644E+01  -.1720830E+01
  -.1742969E+01  -.1764743E+01  -.1786698E+01  -.1809147E+01  -.1831886E+01
  -.1854144E+01  -.1874817E+01  -.1892949E+01  -.1908308E+01  -.1921377E+01
  -.1932748E+01  -.1942702E+01  -.1951249E+01  -.1958356E+01  -.1963971E+01
  -.1967913E+01  -.1969921E+01  -.1969687E+01  -.1966793E+01  -.1960567E+01
  -.1950298E+01  -.1935634E+01  -.1916843E+01  -.1894816E+01  -.1870621E+01
  -.1845210E+01  -.1819279E+01  -.1793194E+01  -.1767278E+01  -.1742107E+01
  -.1718539E+01  -.1697478E+01  -.1679623E+01  -.1665277E+01  -.1654241E+01
  -.1646041E+01  -.1640277E+01  -.1636703E+01  -.1634924E+01  -.1634117E+01
  -.1633325E+01  -.1631820E+01  -.1629160E+01  -.1625327E+01  -.1620618E+01
  -.1615159E+01  -.1608679E+01  -.1600828E+01  -.1591474E+01  -.1580577E+01
  -.1568041E+01  -.1553684E+01  -.1537335E+01  -.1518910E+01  -.1498515E+01
  -.1476370E+01  -.1452247E+01  -.1425387E+01  -.1395162E+01  -.1361624E+01
  -.1325465E+01  -.1287570E+01  -.1248527E+01  -.1208403E+01  -.1166997E+01
  -.1124250E+01  -.1080397E+01  -.1035832E+01  -.9908333E+00  -.9454157E+00
  -.8993835E+00  -.8526731E+00  -.8054744E+00  -.7578530E+00  -.7094952E+00
  -.6599615E+00  -.6089891E+00  -.5564028E+00  -.5021974E+00  -.4464571E+00
  -.3889383E+00  -.3292286E+00  -.2672895E+00  -.2035122E+00  -.1383507E+00
  -.7211083E-01  -.4782483E-02   .6387986E-01   .1342066E+00   .2065373E+00
   .2810070E+00   .3575040E+00   .4357294E+00   .5153815E+00   .5960716E+00
   .6771316E+00   .7576207E+00   .8364539E+00   .9125964E+00   .9850152E+00
   .1052681E+01   .1114600E+01   .1169944E+01   .1218090E+01   .1258554E+01
   .1291140E+01   .1315902E+01   .1333162E+01   .1343567E+01   .1347804E+01
   .1346432E+01   .1339910E+01   .1328578E+01   .1312701E+01   .1292433E+01
   .1267641E+01   .1237805E+01   .1202177E+01   .1160421E+01   .1112837E+01
   .1060049E+01   .1002961E+01   .9426172E+00   .8799988E+00   .8157290E+00
   .7499566E+00   .6828059E+00   .6147928E+00   .5467653E+00   .4795715E+00
   .4138589E+00   .3501122E+00   .2888396E+00   .2306417E+00   .1761147E+00
   .1258286E+00   .8013943E-01   .3925290E-01   .3419953E-02  -.2743781E-01
  -.5392746E-01  -.7696871E-01  -.9752130E-01  -.1164365E+00  -.1344264E+00
  -.1518646E+00  -.1688798E+00  -.1856584E+00  -.2023705E+00  -.2192001E+00
  -.2363869E+00  -.2540403E+00  -.2721369E+00  -.2906521E+00  -.3096213E+00
  -.3290152E+00  -.3485623E+00  -.3676727E+00  -.3853633E+00  -.4003758E+00
  -.4116860E+00  -.4189217E+00  -.4222987E+00  -.4224399E+00  -.4201379E+00
  -.4159609E+00  -.4100144E+00  -.4019844E+00  -.3916367E+00  -.3791694E+00
  -.3649401E+00  -.3493120E+00  -.3327254E+00  -.3156341E+00  -.2983019E+00
  -.2806433E+00  -.2623943E+00  -.2435102E+00  -.2243382E+00  -.2053549E+00
  -.1867314E+00  -.1681787E+00  -.1494372E+00  -.1307324E+00  -.1125287E+00
  -.9535429E-01  -.7977055E-01  -.6616570E-01  -.5452321E-01  -.4433295E-01
  -.3470964E-01  -.2456875E-01  -.1283942E-01   .1339144E-02   .1842127E-01
   .3839404E-01   .6087997E-01   .8543260E-01   .1117905E+00   .1396548E+00
   .1686009E+00   .1982333E+00   .2280868E+00   .2576358E+00   .2865335E+00
   .3148015E+00   .3427895E+00   .3710371E+00   .4001223E+00   .4304175E+00
   .4620851E+00   .4950726E+00   .5289072E+00   .5628828E+00   .5964633E+00
   .6292786E+00   .6609399E+00   .6910406E+00   .7191933E+00   .7451037E+00
   .7686858E+00   .7900122E+00   .8092610E+00   .8266756E+00   .8423953E+00
   .8564457E+00   .8688603E+00   .8797699E+00   .8894504E+00   .8981745E+00
   .9060219E+00   .9128404E+00   .9183504E+00   .9222690E+00   .9243698E+00
   .9245522E+00   .9228416E+00   .9193095E+00   .9140431E+00   .9071512E+00
   .8987349E+00   .8888703E+00   .8776344E+00   .8651217E+00   .8514891E+00
   .8369926E+00   .8218624E+00   .8061867E+00   .7899778E+00   .7732181E+00
   .7558259E+00   .7376897E+00   .7188083E+00   .6992903E+00   .6791681E+00
   .6583744E+00   .6368814E+00   .6147734E+00   .5922455E+00   .5695812E+00
   .5470545E+00   .5248406E+00   .5030616E+00   .4818272E+00   .4612427E+00
   .4414194E+00   .4224237E+00   .4042174E+00   .3867012E+00   .3698344E+00
   .3536552E+00   .3381924E+00   .3234277E+00   .3092966E+00   .2956828E+00
   .2824882E+00   .2696987E+00   .2573532E+00   .2454843E+00   .2340946E+00
   .2231563E+00   .2126305E+00   .2024947E+00   .1927464E+00   .1833887E+00
   .1744134E+00   .1657991E+00   .1575240E+00   .1495741E+00   .1419404E+00
   .1346265E+00   .1276529E+00   .1210363E+00   .1147740E+00   .1088475E+00
   .1032348E+00   .9792200E-01   .9290299E-01   .8817392E-01   .8373204E-01
   .7957038E-01   .7567016E-01   .7200328E-01   .6853745E-01   .6523982E-01
   .6208088E-01   .5903616E-01   .5608703E-01   .5322324E-01   .5044004E-01
   .4773282E-01   .4509633E-01   .4252460E-01   .4001144E-01   .3755256E-01
   .3514699E-01   .3279539E-01   .3049912E-01   .2826082E-01   .2608290E-01
   .2396675E-01   .2191283E-01   .1992062E-01   .1798980E-01   .1612145E-01
   .1431785E-01   .1258117E-01   .1091305E-01   .9315093E-02   .7789145E-02
   .6336744E-02   .4958691E-02   .3655326E-02   .2427027E-02   .1274293E-02
   .1976695E-03  -.8022861E-03  -.1725254E-02  -.2571452E-02  -.3341811E-02
  -.4038062E-02  -.4662594E-02  -.5218236E-02  -.5708130E-02  -.6135656E-02
  -.6504403E-02  -.6818159E-02  -.7080914E-02  -.7296846E-02  -.7470297E-02
  -.7605748E-02  -.7707796E-02  -.7781139E-02  -.7830551E-02  -.7860867E-02
