PEER NGA STRONG MOTION DATABASE RECORD
Northridge-01, 1/17/1994, Arleta - Nordhoff Fire Sta, UP
DISPLACEMENT TIME SERIES IN UNITS OF CM
NPTS=   2000, DT=   .0200 SEC                                              
   .0000000E+00   .8768335E-03   .3800061E-02   .9051075E-02   .1522302E-01
   .1857242E-01   .2285287E-01   .4196372E-01   .8205470E-01   .1331887E+00
   .1861519E+00   .2461725E+00   .3215635E+00   .4016552E+00   .4639284E+00
   .5132999E+00   .5814339E+00   .6770348E+00   .7664239E+00   .8308063E+00
   .9013617E+00   .9981466E+00   .1090392E+01   .1145665E+01   .1183783E+01
   .1254989E+01   .1351755E+01   .1407961E+01   .1425865E+01   .1463398E+01
   .1515737E+01   .1525960E+01   .1482671E+01   .1449183E+01   .1451040E+01
   .1440561E+01   .1389458E+01   .1323810E+01   .1278481E+01   .1236602E+01
   .1157164E+01   .1036268E+01   .9025987E+00   .7848326E+00   .6893677E+00
   .5979082E+00   .5012284E+00   .4170517E+00   .3486056E+00   .2812581E+00
   .2173370E+00   .1657406E+00   .1220640E+00   .8226045E-01   .5336980E-01
   .3489483E-01   .1706273E-01  -.3799013E-02  -.2485163E-01  -.4289804E-01
  -.6265312E-01  -.7846370E-01  -.7988117E-01  -.7633462E-01  -.8075278E-01
  -.1039110E+00  -.1425412E+00  -.1807406E+00  -.2137941E+00  -.2452629E+00
  -.2862137E+00  -.3345220E+00  -.3629646E+00  -.3637914E+00  -.3477461E+00
  -.3061252E+00  -.2315504E+00  -.1390218E+00  -.4927987E-01   .2459841E-01
   .7080370E-01   .8699433E-01   .1003176E+00   .1427095E+00   .2145176E+00
   .2855371E+00   .3338583E+00   .3771882E+00   .4405452E+00   .5216379E+00
   .6068791E+00   .6893081E+00   .7638913E+00   .8095153E+00   .8132536E+00
   .7979443E+00   .7932806E+00   .8252308E+00   .8965977E+00   .9692484E+00
   .1021593E+01   .1058919E+01   .1092919E+01   .1170401E+01   .1322321E+01
   .1518265E+01   .1726113E+01   .1946028E+01   .2169969E+01   .2366917E+01
   .2520755E+01   .2642243E+01   .2750303E+01   .2887092E+01   .3124876E+01
   .3440568E+01   .3683649E+01   .3744516E+01   .3628270E+01   .3438007E+01
   .3322371E+01   .3328662E+01   .3370550E+01   .3362248E+01   .3313828E+01
   .3292595E+01   .3327773E+01   .3398408E+01   .3493724E+01   .3611457E+01
   .3720810E+01   .3797559E+01   .3840243E+01   .3871836E+01   .3925631E+01
   .4000729E+01   .4080453E+01   .4148702E+01   .4203551E+01   .4265898E+01
   .4332110E+01   .4386409E+01   .4461046E+01   .4598088E+01   .4792452E+01
   .4999209E+01   .5161350E+01   .5261141E+01   .5320741E+01   .5360726E+01
   .5390646E+01   .5402948E+01   .5394671E+01   .5386546E+01   .5390521E+01
   .5396723E+01   .5404533E+01   .5427539E+01   .5485103E+01   .5587299E+01
   .5707516E+01   .5815304E+01   .5914050E+01   .6017864E+01   .6121899E+01
   .6188633E+01   .6204265E+01   .6233344E+01   .6316130E+01   .6411216E+01
   .6477142E+01   .6515257E+01   .6563684E+01   .6643558E+01   .6722658E+01
   .6769343E+01   .6788680E+01   .6780406E+01   .6706293E+01   .6553260E+01
   .6349588E+01   .6101863E+01   .5805197E+01   .5465179E+01   .5132764E+01
   .4888578E+01   .4722639E+01   .4542552E+01   .4312913E+01   .4079883E+01
   .3871418E+01   .3675076E+01   .3488097E+01   .3331254E+01   .3221869E+01
   .3152708E+01   .3120746E+01   .3130190E+01   .3161878E+01   .3194283E+01
   .3223031E+01   .3254200E+01   .3301732E+01   .3360139E+01   .3403838E+01
   .3415341E+01   .3381039E+01   .3312389E+01   .3250925E+01   .3197078E+01
   .3100308E+01   .2943921E+01   .2795007E+01   .2736163E+01   .2759427E+01
   .2777279E+01   .2736510E+01   .2662031E+01   .2588863E+01   .2513486E+01
   .2410352E+01   .2266045E+01   .2091143E+01   .1903322E+01   .1704412E+01
   .1492702E+01   .1290665E+01   .1132712E+01   .1028677E+01   .9534251E+00
   .8791354E+00   .8002411E+00   .7192438E+00   .6249821E+00   .5242641E+00
   .4578795E+00   .4382772E+00   .4305919E+00   .3863693E+00   .2669518E+00
   .6691078E-01  -.1712492E+00  -.4022945E+00  -.6200320E+00  -.8129394E+00
  -.9655096E+00  -.1103099E+01  -.1256664E+01  -.1427075E+01  -.1604248E+01
  -.1767880E+01  -.1888482E+01  -.1955091E+01  -.1982375E+01  -.1994963E+01
  -.2010282E+01  -.2034069E+01  -.2054553E+01  -.2058641E+01  -.2058224E+01
  -.2075921E+01  -.2123315E+01  -.2171771E+01  -.2168611E+01  -.2108079E+01
  -.2042143E+01  -.2013755E+01  -.2021569E+01  -.2069565E+01  -.2158092E+01
  -.2259740E+01  -.2359504E+01  -.2448903E+01  -.2526475E+01  -.2614041E+01
  -.2730574E+01  -.2874993E+01  -.3029444E+01  -.3167132E+01  -.3274016E+01
  -.3343844E+01  -.3379580E+01  -.3421403E+01  -.3509894E+01  -.3627493E+01
  -.3714723E+01  -.3737017E+01  -.3692941E+01  -.3594443E+01  -.3462756E+01
  -.3311403E+01  -.3164078E+01  -.3043818E+01  -.2951062E+01  -.2882341E+01
  -.2824244E+01  -.2758036E+01  -.2668337E+01  -.2550036E+01  -.2429664E+01
  -.2335700E+01  -.2253252E+01  -.2140034E+01  -.1984537E+01  -.1810212E+01
  -.1630144E+01  -.1451225E+01  -.1280874E+01  -.1111199E+01  -.9359886E+00
  -.7644643E+00  -.5989176E+00  -.4285485E+00  -.2580063E+00  -.9846557E-01
   .5539074E-01   .1970950E+00   .3038205E+00   .3718895E+00   .4135871E+00
   .4278731E+00   .4220556E+00   .4265339E+00   .4487857E+00   .4783342E+00
   .5146307E+00   .5555092E+00   .6060515E+00   .6913673E+00   .8201853E+00
   .9564081E+00   .1049767E+01   .1080204E+01   .1062367E+01   .1030258E+01
   .1037083E+01   .1108493E+01   .1207130E+01   .1271776E+01   .1285853E+01
   .1280471E+01   .1258131E+01   .1209142E+01   .1156660E+01   .1110493E+01
   .1055481E+01   .9867686E+00   .8873169E+00   .7423820E+00   .5853945E+00
   .4692132E+00   .4271802E+00   .4432313E+00   .4704722E+00   .4822585E+00
   .4863110E+00   .5099839E+00   .5788072E+00   .6904183E+00   .8050314E+00
   .8924410E+00   .9446503E+00   .9571524E+00   .9467077E+00   .9355728E+00
   .9120670E+00   .8466838E+00   .7330801E+00   .5938547E+00   .4607210E+00
   .3550393E+00   .2762090E+00   .2015023E+00   .9930767E-01  -.6173151E-01
  -.2785187E+00  -.4907686E+00  -.6423012E+00  -.7357683E+00  -.8120375E+00
  -.9104833E+00  -.1048749E+01  -.1230470E+01  -.1454354E+01  -.1681320E+01
  -.1854994E+01  -.1965509E+01  -.2044657E+01  -.2123718E+01  -.2206124E+01
  -.2290506E+01  -.2385361E+01  -.2493365E+01  -.2596579E+01  -.2671970E+01
  -.2736959E+01  -.2815488E+01  -.2899092E+01  -.2981495E+01  -.3071179E+01
  -.3178714E+01  -.3307186E+01  -.3449562E+01  -.3598327E+01  -.3738532E+01
  -.3853258E+01  -.3948565E+01  -.4032981E+01  -.4101826E+01  -.4155600E+01
  -.4195100E+01  -.4230110E+01  -.4280375E+01  -.4328850E+01  -.4331867E+01
  -.4270619E+01  -.4162319E+01  -.4049352E+01  -.3969581E+01  -.3923666E+01
  -.3884645E+01  -.3841114E+01  -.3805659E+01  -.3792547E+01  -.3814356E+01
  -.3886948E+01  -.4013295E+01  -.4170088E+01  -.4317669E+01  -.4415203E+01
  -.4448356E+01  -.4453527E+01  -.4486308E+01  -.4555098E+01  -.4633618E+01
  -.4717959E+01  -.4809956E+01  -.4894785E+01  -.4957137E+01  -.4987828E+01
  -.4991822E+01  -.4992827E+01  -.5023578E+01  -.5097226E+01  -.5178900E+01
  -.5233386E+01  -.5278173E+01  -.5322075E+01  -.5336641E+01  -.5327801E+01
  -.5332348E+01  -.5356306E+01  -.5377662E+01  -.5384388E+01  -.5387851E+01
  -.5393716E+01  -.5376613E+01  -.5318826E+01  -.5231356E+01  -.5124586E+01
  -.4999408E+01  -.4854039E+01  -.4695584E+01  -.4540343E+01  -.4395120E+01
  -.4249169E+01  -.4092491E+01  -.3932829E+01  -.3788062E+01  -.3675901E+01
  -.3604398E+01  -.3564314E+01  -.3535805E+01  -.3498146E+01  -.3433832E+01
  -.3330133E+01  -.3190700E+01  -.3038991E+01  -.2896074E+01  -.2759610E+01
  -.2603079E+01  -.2408923E+01  -.2188638E+01  -.1955915E+01  -.1711527E+01
  -.1462214E+01  -.1229074E+01  -.1023495E+01  -.8330049E+00  -.6413965E+00
  -.4503744E+00  -.2729818E+00  -.1091097E+00   .5177908E-01   .2140172E+00
   .3863234E+00   .5790937E+00   .7885338E+00   .1001111E+01   .1203452E+01
   .1385764E+01   .1545011E+01   .1692886E+01   .1846221E+01   .2007378E+01
   .2165536E+01   .2312630E+01   .2448321E+01   .2581364E+01   .2728391E+01
   .2895352E+01   .3072674E+01   .3252462E+01   .3436616E+01   .3627370E+01
   .3821287E+01   .4009035E+01   .4178861E+01   .4325401E+01   .4456667E+01
   .4595340E+01   .4750943E+01   .4908610E+01   .5056516E+01   .5186358E+01
   .5284476E+01   .5347125E+01   .5394892E+01   .5450336E+01   .5501867E+01
   .5524778E+01   .5519751E+01   .5502560E+01   .5483326E+01   .5469744E+01
   .5470185E+01   .5482953E+01   .5500638E+01   .5522950E+01   .5552522E+01
   .5591260E+01   .5640148E+01   .5693596E+01   .5741423E+01   .5777369E+01
   .5796509E+01   .5790325E+01   .5753785E+01   .5696688E+01   .5635676E+01
   .5572179E+01   .5495787E+01   .5400087E+01   .5284162E+01   .5148776E+01
   .4994151E+01   .4822120E+01   .4635468E+01   .4437674E+01   .4232856E+01
   .4025662E+01   .3826788E+01   .3643203E+01   .3469886E+01   .3303121E+01
   .3145385E+01   .2998359E+01   .2861952E+01   .2736027E+01   .2616819E+01
   .2496843E+01   .2371177E+01   .2236303E+01   .2090012E+01   .1940372E+01
   .1804119E+01   .1694824E+01   .1613710E+01   .1549358E+01   .1491450E+01
   .1435230E+01   .1372617E+01   .1294647E+01   .1199866E+01   .1093453E+01
   .9770086E+00   .8485908E+00   .7119767E+00   .5719980E+00   .4274660E+00
   .2772455E+00   .1245640E+00  -.2450958E-01  -.1672027E+00  -.3069603E+00
  -.4388656E+00  -.5532135E+00  -.6535129E+00  -.7494045E+00  -.8447356E+00
  -.9378777E+00  -.1030070E+01  -.1122113E+01  -.1208163E+01  -.1288346E+01
  -.1367648E+01  -.1448216E+01  -.1529571E+01  -.1605750E+01  -.1673701E+01
  -.1736881E+01  -.1800133E+01  -.1871302E+01  -.1953366E+01  -.2042170E+01
  -.2140900E+01  -.2251257E+01  -.2361460E+01  -.2459475E+01  -.2541115E+01
  -.2608286E+01  -.2661020E+01  -.2693961E+01  -.2706474E+01  -.2707039E+01
  -.2708424E+01  -.2721021E+01  -.2748249E+01  -.2786472E+01  -.2828318E+01
  -.2873618E+01  -.2931683E+01  -.3010601E+01  -.3111085E+01  -.3222450E+01
  -.3332525E+01  -.3440887E+01  -.3547013E+01  -.3641748E+01  -.3723228E+01
  -.3802678E+01  -.3886754E+01  -.3970368E+01  -.4046972E+01  -.4117438E+01
  -.4192112E+01  -.4277484E+01  -.4364893E+01  -.4442435E+01  -.4505739E+01
  -.4555201E+01  -.4591535E+01  -.4613901E+01  -.4622275E+01  -.4618497E+01
  -.4603850E+01  -.4578803E+01  -.4538790E+01  -.4474051E+01  -.4383492E+01
  -.4276413E+01  -.4158329E+01  -.4026768E+01  -.3877432E+01  -.3709335E+01
  -.3523292E+01  -.3321201E+01  -.3111205E+01  -.2904403E+01  -.2705743E+01
  -.2514191E+01  -.2328012E+01  -.2145268E+01  -.1964195E+01  -.1783890E+01
  -.1602901E+01  -.1423973E+01  -.1256372E+01  -.1106667E+01  -.9701990E+00
  -.8371408E+00  -.7043260E+00  -.5732910E+00  -.4439143E+00  -.3176433E+00
  -.1998389E+00  -.9615484E-01  -.9078842E-02   .6244934E-01   .1176515E+00
   .1530940E+00   .1712632E+00   .1795548E+00   .1791117E+00   .1676091E+00
   .1507970E+00   .1374393E+00   .1317158E+00   .1361287E+00   .1507142E+00
   .1737308E+00   .2067085E+00   .2531871E+00   .3153937E+00   .3917379E+00
   .4759544E+00   .5625954E+00   .6539348E+00   .7587570E+00   .8792429E+00
   .1005946E+01   .1130401E+01   .1254039E+01   .1385068E+01   .1530204E+01
   .1691129E+01   .1866800E+01   .2056176E+01   .2260110E+01   .2477348E+01
   .2699914E+01   .2920083E+01   .3138261E+01   .3356669E+01   .3571222E+01
   .3775597E+01   .3967966E+01   .4149745E+01   .4321736E+01   .4484139E+01
   .4640152E+01   .4793244E+01   .4941302E+01   .5081399E+01   .5214752E+01
   .5344027E+01   .5469458E+01   .5592641E+01   .5720056E+01   .5855996E+01
   .5997700E+01   .6138636E+01   .6272571E+01   .6395928E+01   .6509591E+01
   .6616143E+01   .6716393E+01   .6808873E+01   .6889873E+01   .6954026E+01
   .6997430E+01   .7020787E+01   .7027621E+01   .7021734E+01   .7005264E+01
   .6978236E+01   .6939268E+01   .6885474E+01   .6814816E+01   .6728751E+01
   .6631959E+01   .6528536E+01   .6418927E+01   .6301915E+01   .6175173E+01
   .6035331E+01   .5881514E+01   .5716331E+01   .5542562E+01   .5361331E+01
   .5172893E+01   .4977678E+01   .4777524E+01   .4574539E+01   .4370267E+01
   .4166329E+01   .3963759E+01   .3763055E+01   .3564147E+01   .3368353E+01
   .3178958E+01   .2993759E+01   .2804994E+01   .2608717E+01   .2404566E+01
   .2192025E+01   .1973061E+01   .1752074E+01   .1529196E+01   .1300547E+01
   .1065851E+01   .8277610E+00   .5873526E+00   .3437662E+00   .9609662E-01
  -.1553883E+00  -.4104838E+00  -.6689397E+00  -.9283054E+00  -.1185990E+01
  -.1440937E+01  -.1689458E+01  -.1927350E+01  -.2156312E+01  -.2379662E+01
  -.2596026E+01  -.2803365E+01  -.3002558E+01  -.3194486E+01  -.3378997E+01
  -.3556561E+01  -.3728134E+01  -.3895541E+01  -.4061488E+01  -.4224455E+01
  -.4378171E+01  -.4518619E+01  -.4647917E+01  -.4770241E+01  -.4887466E+01
  -.5002137E+01  -.5117901E+01  -.5236132E+01  -.5354131E+01  -.5465497E+01
  -.5564535E+01  -.5648569E+01  -.5718012E+01  -.5775760E+01  -.5823590E+01
  -.5861535E+01  -.5890017E+01  -.5909088E+01  -.5917887E+01  -.5916617E+01
  -.5907813E+01  -.5894048E+01  -.5874956E+01  -.5848679E+01  -.5814037E+01
  -.5769904E+01  -.5714580E+01  -.5646752E+01  -.5566022E+01  -.5472126E+01
  -.5365397E+01  -.5245800E+01  -.5112174E+01  -.4965619E+01  -.4809656E+01
  -.4646976E+01  -.4478228E+01  -.4303465E+01  -.4123502E+01  -.3937797E+01
  -.3745016E+01  -.3546289E+01  -.3343681E+01  -.3135543E+01  -.2917990E+01
  -.2690957E+01  -.2456515E+01  -.2214549E+01  -.1964239E+01  -.1706427E+01
  -.1443468E+01  -.1179305E+01  -.9164576E+00  -.6508110E+00  -.3760146E+00
  -.9090226E-01   .2013283E+00   .4970774E+00   .7936963E+00   .1088284E+01
   .1377945E+01   .1661821E+01   .1942832E+01   .2226118E+01   .2515014E+01
   .2808909E+01   .3101025E+01   .3382352E+01   .3650118E+01   .3906057E+01
   .4150099E+01   .4379868E+01   .4593494E+01   .4791712E+01   .4977649E+01
   .5153594E+01   .5318866E+01   .5471554E+01   .5610510E+01   .5736895E+01
   .5852380E+01   .5956360E+01   .6047799E+01   .6127109E+01   .6195223E+01
   .6251667E+01   .6294453E+01   .6321097E+01   .6329965E+01   .6322555E+01
   .6303099E+01   .6274623E+01   .6236577E+01   .6187611E+01   .6128340E+01
   .6058926E+01   .5976665E+01   .5878276E+01   .5763611E+01   .5637466E+01
   .5506043E+01   .5370809E+01   .5229208E+01   .5078880E+01   .4919600E+01
   .4753858E+01   .4584837E+01   .4413298E+01   .4235243E+01   .4044254E+01
   .3837567E+01   .3616614E+01   .3383314E+01   .3138861E+01   .2884820E+01
   .2622590E+01   .2352535E+01   .2075502E+01   .1793382E+01   .1507168E+01
   .1216428E+01   .9217258E+00   .6252449E+00   .3282449E+00   .2821705E-01
  -.2789224E+00  -.5933737E+00  -.9121363E+00  -.1232964E+01  -.1555706E+01
  -.1881068E+01  -.2208204E+01  -.2533902E+01  -.2853816E+01  -.3164886E+01
  -.3467831E+01  -.3765786E+01  -.4059337E+01  -.4344767E+01  -.4616787E+01
  -.4871532E+01  -.5108036E+01  -.5327377E+01  -.5529851E+01  -.5714564E+01
  -.5880636E+01  -.6026902E+01  -.6151818E+01  -.6253063E+01  -.6328223E+01
  -.6376371E+01  -.6398282E+01  -.6395844E+01  -.6370924E+01  -.6325252E+01
  -.6261225E+01  -.6182353E+01  -.6092406E+01  -.5993228E+01  -.5884057E+01
  -.5764116E+01  -.5634094E+01  -.5494522E+01  -.5346087E+01  -.5190187E+01
  -.5026270E+01  -.4851342E+01  -.4663458E+01  -.4462949E+01  -.4250206E+01
  -.4024406E+01  -.3784495E+01  -.3530688E+01  -.3264851E+01  -.2990186E+01
  -.2709777E+01  -.2425060E+01  -.2137817E+01  -.1851478E+01  -.1568504E+01
  -.1289220E+01  -.1013113E+01  -.7401128E+00  -.4705779E+00  -.2047502E+00
   .5711510E-01   .3153920E+00   .5711669E+00   .8245142E+00   .1074688E+01
   .1321930E+01   .1566869E+01   .1808505E+01   .2043913E+01   .2270186E+01
   .2486196E+01   .2692483E+01   .2890248E+01   .3080042E+01   .3261163E+01
   .3433370E+01   .3598503E+01   .3757795E+01   .3908918E+01   .4048407E+01
   .4174818E+01   .4288546E+01   .4390743E+01   .4482558E+01   .4564538E+01
   .4637046E+01   .4700734E+01   .4755883E+01   .4801499E+01   .4835665E+01
   .4857302E+01   .4866762E+01   .4864948E+01   .4852904E+01   .4831181E+01
   .4798684E+01   .4752973E+01   .4691845E+01   .4614733E+01   .4522625E+01
   .4416719E+01   .4297991E+01   .4167094E+01   .4023573E+01   .3866488E+01
   .3695927E+01   .3512715E+01   .3318585E+01   .3116506E+01   .2908706E+01
   .2694730E+01   .2472291E+01   .2240361E+01   .2000271E+01   .1753658E+01
   .1500969E+01   .1242346E+01   .9785498E+00   .7109693E+00   .4412538E+00
   .1705162E+00  -.1006912E+00  -.3720128E+00  -.6431036E+00  -.9131122E+00
  -.1179836E+01  -.1439771E+01  -.1690303E+01  -.1930958E+01  -.2162505E+01
  -.2385977E+01  -.2601657E+01  -.2809076E+01  -.3007840E+01  -.3197791E+01
  -.3379093E+01  -.3552109E+01  -.3716667E+01  -.3871202E+01  -.4012248E+01
  -.4136328E+01  -.4242508E+01  -.4331071E+01  -.4401157E+01  -.4452610E+01
  -.4487088E+01  -.4504520E+01  -.4503445E+01  -.4483863E+01  -.4445970E+01
  -.4389761E+01  -.4316423E+01  -.4231479E+01  -.4143639E+01  -.4053454E+01
  -.3953444E+01  -.3839958E+01  -.3714690E+01  -.3581229E+01  -.3442549E+01
  -.3299964E+01  -.3154002E+01  -.3004110E+01  -.2849408E+01  -.2689307E+01
  -.2522984E+01  -.2349324E+01  -.2168365E+01  -.1983081E+01  -.1797026E+01
  -.1611195E+01  -.1424429E+01  -.1235433E+01  -.1045139E+01  -.8566530E+00
  -.6726552E+00  -.4942741E+00  -.3223222E+00  -.1584556E+00  -.3678259E-02
   .1434075E+00   .2847832E+00   .4204262E+00   .5483517E+00   .6665362E+00
   .7748732E+00   .8752363E+00   .9693971E+00   .1058229E+01   .1142495E+01
   .1222311E+01   .1296600E+01   .1363449E+01   .1421199E+01   .1470133E+01
   .1511745E+01   .1546056E+01   .1571594E+01   .1587944E+01   .1596527E+01
   .1598495E+01   .1592564E+01   .1576264E+01   .1548353E+01   .1509119E+01
   .1461015E+01   .1407346E+01   .1348915E+01   .1285654E+01   .1218632E+01
   .1147908E+01   .1072489E+01   .9918912E+00   .9064908E+00   .8168767E+00
   .7233705E+00   .6266562E+00   .5274658E+00   .4253426E+00   .3185736E+00
   .2068031E+00   .9181482E-01  -.2541585E-01  -.1448999E+00  -.2660239E+00
  -.3881804E+00  -.5114767E+00  -.6362389E+00  -.7623171E+00  -.8888249E+00
  -.1014265E+01  -.1136728E+01  -.1254760E+01  -.1368427E+01  -.1478631E+01
  -.1585144E+01  -.1686511E+01  -.1781889E+01  -.1871158E+01  -.1954007E+01
  -.2029948E+01  -.2098198E+01  -.2157970E+01  -.2209494E+01  -.2253667E+01
  -.2290350E+01  -.2318298E+01  -.2336272E+01  -.2342930E+01  -.2336966E+01
  -.2318546E+01  -.2289339E+01  -.2251495E+01  -.2206361E+01  -.2154257E+01
  -.2096345E+01  -.2034764E+01  -.1971383E+01  -.1907331E+01  -.1842709E+01
  -.1777395E+01  -.1712361E+01  -.1649045E+01  -.1587353E+01  -.1525549E+01
  -.1461489E+01  -.1392885E+01  -.1318087E+01  -.1237342E+01  -.1151750E+01
  -.1061640E+01  -.9674187E+00  -.8703386E+00  -.7711701E+00  -.6698585E+00
  -.5670795E+00  -.4640835E+00  -.3611752E+00  -.2582294E+00  -.1555515E+00
  -.5357375E-01   .4706597E-01   .1454374E+00   .2412406E+00   .3351881E+00
   .4274269E+00   .5171305E+00   .6040822E+00   .6891326E+00   .7725026E+00
   .8526528E+00   .9284621E+00   .1000803E+01   .1070780E+01   .1138113E+01
   .1201764E+01   .1261345E+01   .1317276E+01   .1369840E+01   .1418444E+01
   .1461954E+01   .1500342E+01   .1534896E+01   .1566670E+01   .1595504E+01
   .1620155E+01   .1639314E+01   .1651907E+01   .1656927E+01   .1653781E+01
   .1642972E+01   .1626560E+01   .1607055E+01   .1585729E+01   .1562001E+01
   .1534402E+01   .1502454E+01   .1466435E+01   .1425953E+01   .1380454E+01
   .1330010E+01   .1275294E+01   .1217279E+01   .1156948E+01   .1095166E+01
   .1032650E+01   .9700679E+00   .9083375E+00   .8478459E+00   .7881531E+00
   .7301773E+00   .6759948E+00   .6263997E+00   .5808422E+00   .5385580E+00
   .4988198E+00   .4607947E+00   .4234820E+00   .3855323E+00   .3454538E+00
   .3024746E+00   .2571672E+00   .2108021E+00   .1645328E+00   .1187669E+00
   .7275790E-01   .2590896E-01  -.2112504E-01  -.6739008E-01  -.1124009E+00
  -.1553256E+00  -.1949705E+00  -.2312319E+00  -.2648352E+00  -.2966717E+00
  -.3282617E+00  -.3611616E+00  -.3961124E+00  -.4327370E+00  -.4701790E+00
  -.5077824E+00  -.5451398E+00  -.5826015E+00  -.6210110E+00  -.6607081E+00
  -.7012036E+00  -.7418286E+00  -.7823490E+00  -.8225775E+00  -.8620480E+00
  -.9004514E+00  -.9377723E+00  -.9739470E+00  -.1008983E+01  -.1043057E+01
  -.1076216E+01  -.1108391E+01  -.1139839E+01  -.1171198E+01  -.1202747E+01
  -.1234084E+01  -.1264455E+01  -.1293208E+01  -.1320124E+01  -.1345421E+01
  -.1369789E+01  -.1394147E+01  -.1419091E+01  -.1445190E+01  -.1473624E+01
  -.1504935E+01  -.1537992E+01  -.1571270E+01  -.1604364E+01  -.1638070E+01
  -.1673081E+01  -.1709302E+01  -.1746506E+01  -.1784794E+01  -.1823738E+01
  -.1861527E+01  -.1896076E+01  -.1926622E+01  -.1953419E+01  -.1976225E+01
  -.1993677E+01  -.2004442E+01  -.2008359E+01  -.2006120E+01  -.1998471E+01
  -.1985947E+01  -.1968951E+01  -.1948041E+01  -.1923613E+01  -.1895310E+01
  -.1863147E+01  -.1828249E+01  -.1791584E+01  -.1753063E+01  -.1712013E+01
  -.1667604E+01  -.1618437E+01  -.1562679E+01  -.1499304E+01  -.1428598E+01
  -.1351436E+01  -.1268652E+01  -.1180807E+01  -.1088083E+01  -.9903150E+00
  -.8870392E+00  -.7778480E+00  -.6634646E+00  -.5459762E+00  -.4271332E+00
  -.3073971E+00  -.1865448E+00  -.6421993E-01   .5899237E-01   .1818280E+00
   .3036176E+00   .4234332E+00   .5401378E+00   .6535199E+00   .7641217E+00
   .8726366E+00   .9788529E+00   .1081752E+01   .1181110E+01   .1277698E+01
   .1371992E+01   .1463764E+01   .1552027E+01   .1635210E+01   .1712382E+01
   .1783543E+01   .1848793E+01   .1908140E+01   .1961931E+01   .2010389E+01
   .2053260E+01   .2090592E+01   .2122897E+01   .2150755E+01   .2174727E+01
   .2195498E+01   .2213398E+01   .2227858E+01   .2238094E+01   .2243733E+01
   .2244463E+01   .2239762E+01   .2229084E+01   .2212150E+01   .2188989E+01
   .2159755E+01   .2124450E+01   .2082946E+01   .2036021E+01   .1985559E+01
   .1932757E+01   .1877500E+01   .1819541E+01   .1759070E+01   .1696622E+01
   .1632786E+01   .1567709E+01   .1501292E+01   .1433733E+01   .1365484E+01
   .1297023E+01   .1228720E+01   .1160516E+01   .1091734E+01   .1021642E+01
   .9500367E+00   .8771167E+00   .8033047E+00   .7292710E+00   .6555642E+00
   .5824310E+00   .5100550E+00   .4386583E+00   .3685661E+00   .3000801E+00
   .2334709E+00   .1692802E+00   .1083990E+00   .5175945E-01  -.2710488E-03
  -.4803837E-01  -.9191633E-01  -.1321287E+00  -.1691861E+00  -.2036471E+00
  -.2353972E+00  -.2639818E+00  -.2896444E+00  -.3128058E+00  -.3332900E+00
  -.3510687E+00  -.3666975E+00  -.3808834E+00  -.3940111E+00  -.4062017E+00
  -.4176674E+00  -.4284650E+00  -.4382817E+00  -.4462298E+00  -.4509824E+00
  -.4521290E+00  -.4507558E+00  -.4481253E+00  -.4445792E+00  -.4399088E+00
  -.4341112E+00  -.4273681E+00  -.4197541E+00  -.4113537E+00  -.4021645E+00
  -.3922305E+00  -.3818110E+00  -.3706483E+00  -.3578274E+00  -.3428844E+00
  -.3265657E+00  -.3103081E+00  -.2950235E+00  -.2807094E+00  -.2669622E+00
  -.2533085E+00  -.2393811E+00  -.2250721E+00  -.2106151E+00  -.1963613E+00
  -.1822802E+00  -.1678895E+00  -.1526330E+00  -.1361470E+00  -.1184704E+00
  -.1000237E+00  -.8141427E-01  -.6324361E-01  -.4557528E-01  -.2801544E-01
  -.1054710E-01   .5748332E-02   .1877392E-01   .2680788E-01   .2947128E-01
   .2730779E-01   .2097818E-01   .1094972E-01  -.2098504E-02  -.1726008E-01
  -.3397943E-01  -.5219894E-01  -.7202519E-01  -.9343676E-01  -.1159899E+00
  -.1387191E+00  -.1608207E+00  -.1821898E+00  -.2028290E+00  -.2223570E+00
  -.2402714E+00  -.2560642E+00  -.2689634E+00  -.2779406E+00  -.2822381E+00
  -.2817987E+00  -.2769791E+00  -.2681362E+00  -.2556586E+00  -.2397266E+00
  -.2203378E+00  -.1977493E+00  -.1723333E+00  -.1444947E+00  -.1147437E+00
  -.8331642E-01  -.4990211E-01  -.1379219E-01   .2555424E-01   .6792664E-01
   .1125981E+00   .1588684E+00   .2058225E+00   .2521278E+00   .2969152E+00
   .3402934E+00   .3827324E+00   .4242131E+00   .4640487E+00   .5015547E+00
   .5365420E+00   .5692342E+00   .5996145E+00   .6273095E+00   .6524927E+00
   .6759418E+00   .6983038E+00   .7195998E+00   .7393531E+00   .7572717E+00
   .7732308E+00   .7866595E+00   .7968960E+00   .8040485E+00   .8087703E+00
   .8115176E+00   .8121428E+00   .8098935E+00   .8039463E+00   .7940877E+00
   .7808438E+00   .7649228E+00   .7468025E+00   .7266028E+00   .7040557E+00
   .6788306E+00   .6510581E+00   .6211760E+00   .5892901E+00   .5553302E+00
   .5194164E+00   .4818776E+00   .4429634E+00   .4024830E+00   .3601794E+00
   .3160625E+00   .2702082E+00   .2226440E+00   .1731937E+00   .1214191E+00
   .6713815E-01   .1093399E-01  -.4614349E-01  -.1032112E+00  -.1596903E+00
  -.2150233E+00  -.2687666E+00  -.3210767E+00  -.3722908E+00  -.4219907E+00
  -.4691303E+00  -.5128970E+00  -.5532343E+00  -.5903724E+00  -.6241890E+00
  -.6544819E+00  -.6811607E+00  -.7040533E+00  -.7229792E+00  -.7376328E+00
  -.7473150E+00  -.7513074E+00  -.7494099E+00  -.7414625E+00  -.7271936E+00
  -.7066812E+00  -.6799578E+00  -.6470605E+00  -.6084350E+00  -.5647984E+00
  -.5169279E+00  -.4653929E+00  -.4104242E+00  -.3522391E+00  -.2913595E+00
  -.2282661E+00  -.1631913E+00  -.9635372E-01  -.2812627E-01   .4115679E-01
   .1114556E+00   .1828686E+00   .2555549E+00   .3294768E+00   .4041229E+00
   .4789207E+00   .5534010E+00   .6269440E+00   .6989779E+00   .7692417E+00
   .8375257E+00   .9034100E+00   .9663427E+00   .1026036E+01   .1082746E+01
   .1136810E+01   .1188342E+01   .1237129E+01   .1282368E+01   .1323239E+01
   .1359517E+01   .1391418E+01   .1419087E+01   .1442570E+01   .1462227E+01
   .1478357E+01   .1490931E+01   .1499785E+01   .1504662E+01   .1505232E+01
   .1501354E+01   .1493682E+01   .1483356E+01   .1471008E+01   .1456734E+01
   .1440604E+01   .1422483E+01   .1401825E+01   .1378084E+01   .1350931E+01
   .1320162E+01   .1285716E+01   .1247729E+01   .1206107E+01   .1160184E+01
   .1109530E+01   .1054786E+01   .9972125E+00   .9375860E+00   .8759396E+00
   .8118193E+00   .7446657E+00   .6746084E+00   .6025937E+00   .5298091E+00
   .4571672E+00   .3852288E+00   .3144557E+00   .2452653E+00   .1780862E+00
   .1134308E+00   .5193461E-01  -.5721285E-02  -.5927261E-01  -.1087973E+00
  -.1539611E+00  -.1940690E+00  -.2285506E+00  -.2568580E+00  -.2783940E+00
  -.2928471E+00  -.3003275E+00  -.3011716E+00  -.2961178E+00  -.2861740E+00
  -.2720373E+00  -.2543642E+00  -.2341232E+00  -.2121745E+00  -.1889400E+00
  -.1645655E+00  -.1390122E+00  -.1123091E+00  -.8496094E-01  -.5772126E-01
  -.3117184E-01  -.5468578E-02   .1984431E-01   .4553472E-01   .7222415E-01
   .1002429E+00   .1294933E+00   .1591627E+00   .1881047E+00   .2158952E+00
   .2427292E+00   .2686095E+00   .2931791E+00   .3160019E+00   .3367448E+00
   .3549630E+00   .3702897E+00   .3827469E+00   .3924346E+00   .3993252E+00
   .4035924E+00   .4056604E+00   .4057991E+00   .4041343E+00   .4011241E+00
   .3975132E+00   .3937321E+00   .3899474E+00   .3863640E+00   .3831093E+00
   .3802031E+00   .3774068E+00   .3744059E+00   .3714065E+00   .3691079E+00
   .3680490E+00   .3680836E+00   .3686339E+00   .3691528E+00   .3696299E+00
   .3707462E+00   .3728013E+00   .3754084E+00   .3784602E+00   .3821254E+00
   .3863070E+00   .3908078E+00   .3956630E+00   .4008323E+00   .4058496E+00
   .4100883E+00   .4129920E+00   .4142727E+00   .4138169E+00   .4113096E+00
   .4064529E+00   .3991171E+00   .3891308E+00   .3764759E+00   .3616592E+00
   .3452545E+00   .3270078E+00   .3063726E+00   .2834925E+00   .2588242E+00
   .2324396E+00   .2039215E+00   .1729309E+00   .1395455E+00   .1038259E+00
   .6585940E-01   .2616406E-01  -.1455872E-01  -.5594348E-01  -.9794770E-01
  -.1405242E+00  -.1835265E+00  -.2265975E+00  -.2692530E+00  -.3112729E+00
  -.3526942E+00  -.3934004E+00  -.4332262E+00  -.4724116E+00  -.5111045E+00
  -.5489037E+00  -.5852801E+00  -.6198017E+00  -.6522075E+00  -.6823853E+00
  -.7101045E+00  -.7350113E+00  -.7568352E+00  -.7754069E+00  -.7905648E+00
  -.8023457E+00  -.8112268E+00  -.8179512E+00  -.8232720E+00  -.8278150E+00
  -.8320879E+00  -.8363991E+00  -.8406438E+00  -.8445087E+00  -.8478243E+00
  -.8504946E+00  -.8521754E+00  -.8522411E+00  -.8501193E+00  -.8454913E+00
  -.8382652E+00  -.8286524E+00  -.8169030E+00  -.8030190E+00  -.7871560E+00
  -.7696816E+00  -.7506931E+00  -.7298858E+00  -.7071108E+00  -.6827557E+00
  -.6572370E+00  -.6306815E+00  -.6030969E+00  -.5745059E+00  -.5451642E+00
  -.5156019E+00  -.4861424E+00  -.4566379E+00  -.4267179E+00  -.3961846E+00
  -.3652620E+00  -.3343170E+00  -.3035545E+00  -.2729980E+00  -.2424693E+00
  -.2116811E+00  -.1806263E+00  -.1496306E+00  -.1191281E+00  -.8974279E-01
  -.6211555E-01  -.3649915E-01  -.1282754E-01   .8811984E-02   .2812064E-01
   .4493270E-01   .5940308E-01   .7187618E-01   .8254197E-01   .9138621E-01
   .9848292E-01   .1041414E+00   .1086928E+00   .1123261E+00   .1151257E+00
   .1170567E+00   .1180139E+00   .1178991E+00   .1166210E+00   .1140710E+00
   .1102032E+00   .1051573E+00   .9914341E-01   .9229639E-01   .8468887E-01
   .7632235E-01   .6720274E-01   .5751155E-01   .4752959E-01   .3741881E-01
   .2721644E-01   .1696767E-01   .6737490E-02  -.3484764E-02  -.1379970E-01
  -.2428466E-01  -.3491858E-01  -.4558634E-01  -.5613594E-01  -.6647214E-01
  -.7653214E-01  -.8622101E-01  -.9543385E-01  -.1040907E+00  -.1121697E+00
  -.1197021E+00  -.1267182E+00  -.1332283E+00  -.1392100E+00  -.1446177E+00
  -.1494749E+00  -.1538835E+00  -.1579212E+00  -.1616156E+00  -.1649777E+00
  -.1680218E+00  -.1707660E+00  -.1732408E+00  -.1754952E+00  -.1775442E+00
  -.1793498E+00  -.1808692E+00  -.1820838E+00  -.1830036E+00  -.1836513E+00
  -.1840540E+00  -.1842511E+00  -.1842712E+00  -.1841243E+00  -.1838140E+00
  -.1833443E+00  -.1827261E+00  -.1819590E+00  -.1810197E+00  -.1798843E+00
  -.1785483E+00  -.1770273E+00  -.1753312E+00  -.1734478E+00  -.1713597E+00
  -.1690611E+00  -.1665611E+00  -.1638760E+00  -.1610272E+00  -.1580404E+00
  -.1549313E+00  -.1517018E+00  -.1483577E+00  -.1449094E+00  -.1413636E+00
  -.1377274E+00  -.1340140E+00  -.1302374E+00  -.1264064E+00  -.1225245E+00
  -.1185947E+00  -.1146223E+00  -.1106145E+00  -.1065810E+00  -.1025316E+00
  -.9847591E-01  -.9442715E-01  -.9040087E-01  -.8641061E-01  -.8246575E-01
  -.7857271E-01  -.7473700E-01  -.7096438E-01  -.6726009E-01  -.6362833E-01
  -.6007321E-01  -.5659978E-01  -.5321365E-01  -.4991986E-01  -.4672262E-01
  -.4362562E-01  -.4063228E-01  -.3774570E-01  -.3496848E-01  -.3230273E-01
  -.2975056E-01  -.2731399E-01  -.2499484E-01  -.2279460E-01  -.2071460E-01
  -.1875623E-01  -.1692098E-01  -.1521039E-01  -.1362599E-01  -.1216937E-01
  -.1084225E-01  -.9646488E-02  -.8584108E-02  -.7657313E-02  -.6868487E-02
  -.6220212E-02  -.5715271E-02  -.5356661E-02  -.5147591E-02  -.5091492E-02
